Loss Distances:
[11.22366669 11.16731502 11.11158284 11.05644213 11.00171667 10.94766356
 10.89413506 10.84116934 10.78876472 10.73696013 10.68553776 10.63471559
 10.58442024 10.53467969 10.48545714 10.43664904 10.3885901  10.3408836
 10.29370122 10.24701682 10.200952   10.1553657  10.11033007 10.06579335
 10.02179282  9.97841317  9.93543188  9.89305734  9.85116628  9.80995651
  9.76921763  9.72909904  9.68960875  9.65058373  9.61216111  9.57442504
  9.53729085  9.50076972  9.46495886  9.4296636   9.39518237  9.36129475
  9.32826552  9.27861209  9.22645155  9.17509638  9.12475459  9.0753818
  9.02704444  8.97962554  8.93346454  8.88825842  8.84427889  8.80130885
  8.75971689  8.71937262  8.68030109  8.6425458   8.60613439  8.5713488
  8.53784286  8.50593521  8.47560347  8.44679668  8.41977864  8.39443193
  8.37083768  8.34922185  8.32923309  8.31124298  8.2953021   8.28130253
  8.26956072  8.25975884  8.25217043  8.24690064  8.24389328  8.24326208
  8.24487446  8.24901682  8.25557497  8.26475851  8.27644708  8.2907617
  8.30778953  8.32742741  8.34987931  8.37502849  8.40300421  8.43376879
  8.4675024   8.50413791  8.54356326  8.58599571  8.63123235  8.67962042
  8.73085924  8.78509421  8.84246331  8.90270383  8.96604634  9.03229352
  9.10160664  9.17401604  9.24930172  9.30278628  9.35665523  9.41182923
  9.46217064  9.47600677  9.4924234   9.51114839  9.52148101  9.43951165
  9.35900117  9.28005199  9.2025441   9.12637821  9.05190206  8.97883864
  8.90722822  8.83703914  8.76837037  8.7010924   8.63516769  8.57073256
  8.50767583  8.44615958  8.38586014  8.32694154  8.26948095  8.21315804
  8.15831181  8.10466313  8.05232353  8.00120309  7.95131306  7.90263039
  7.85515148  7.80545443  7.75663577  7.70893292  7.66230823  7.61686268
  7.57245646  7.52908293  7.48686839  7.44566488  7.40566051  7.36659902
  7.32856619  7.29149964  7.25549636  7.22046169  7.18641136  7.1533467
  7.12123022  7.09002143  7.05975863  7.0304151   7.00195062  6.97436744
  6.94764036  6.92171993  6.89670247  6.87247409  6.84911119  6.82651824
  6.80476923  6.78372986  6.76348929  6.74402079  6.72528937  6.70724919
  6.69001698  6.6734093   6.65762173  6.64247058  6.62806273  6.61210524
  6.59219413  6.57257572  6.55314708  6.56062757  6.59903651  6.63929621
  6.68130182  6.73203744  6.79810059  6.86623992  6.93641164  7.00827664
  7.08167688  7.15657384  7.23293359  7.31039654  7.3890716   7.46869013
  7.56376255  7.66852452  7.77358357  7.87896123  7.984492    8.09008845
  8.19558862  8.29323845  8.32375436  8.35462596  8.38572957  8.41712442
  8.44863874  8.48039843  8.51227697  8.54423451  8.57644394  8.60869573
  8.64105057  8.67343567  8.70591614  8.7384181   8.77094906  8.80357763
  8.83616533  8.86868069  8.90127345  8.93380098  8.96639599  8.99885577
  9.03136842  9.06379221  9.09612496  9.12857816  9.16074892  9.19307104
  9.22525867  9.25738688  9.28959842  9.32161897  9.35364098  9.38566469
  9.41762539  9.44957429  9.48145323  9.51333123  9.5451903   9.57708426
  9.60904145  9.64094084  9.67281557  9.70475863  9.73676656  9.76886663
  9.80090784  9.83311519  9.86539461  9.89773347  9.93015627  9.96280182
  9.99555977 10.02849324 10.06146626 10.09469692 10.12820534 10.16182061
 10.19577306 10.22983333 10.26420839 10.29897764 10.33385991 10.36911781
 10.38823461 10.39247936 10.3983512  10.40618456 10.41562652 10.42699466
 10.44023368 10.45546475 10.4726286  10.49197021 10.51339551 10.53699775
 10.5626594  10.59068306 10.62099791 10.65357421 10.68854544 10.72593802
 10.76568066 10.80794299 10.85275664 10.89999688 10.94978939 11.00223379
 11.05725258 11.11492453 11.17517192 11.23809053 11.30373767 11.37202527
 11.44296697 11.51654575 11.59295167 11.67202879 11.75373884 11.83823493
 11.9254579  12.01526055 12.10785756 12.20309135 12.30094856 12.40162392
 12.50484272 12.61072124 12.71918848 12.83036718 12.94408453 13.06028849
 13.17908962 13.30041271 13.42428974 13.55061544 13.67942555 13.81065018
 13.94433956 14.0708989  14.07470481 14.08139438 14.09095185 14.10334058
 14.11870539 14.13696308 14.15813588 14.1822801  14.20933464 14.23932805
 14.27216212 14.30806561 14.34678017 14.38843814 14.43304028 14.48049902
 14.53084739 14.58401114 14.64009262 14.69900554 14.76069253 14.8252263
 14.89258847 14.96260852 15.03538029 15.11082636 15.18903797 15.26000602
 15.23388884 15.21142184 15.17591183 15.12151024 15.05556229 14.94011232
 14.82713234 14.71663236 14.60849662 14.50288588 14.39969386 14.29888923
 14.20059469 14.10478085 14.01142753 13.92044934 13.83195364 13.74592305
 13.66224278 13.58109459 13.50241966 13.42610543 13.3522486  13.28087224
 13.21178846 13.14521656 13.08106565 13.01931844 12.95994288 12.90297771
 12.84844595 12.79619871 12.72030738 12.6416517  12.56521473 12.49094616
 12.41892447 12.34906671 12.23941187 12.08075047 11.92451148 11.770705
 11.61926104 11.47032323 11.32377561 11.1796373  11.03801681 10.91835038
 10.80100916 10.68603127 10.57338236 10.46306932 10.35503628 10.24937292
 10.14602855 10.04495038  9.94626111  9.8499136   9.75589181  9.66430229
  9.57491844  9.48785652  9.40322979  9.3209056   9.24085474  9.16321848
  9.08793492  9.01493259  8.94425394  8.87603071  8.81012005  8.74648629
  8.68526967  8.58254011  8.45967001  8.33963756  8.22229055  8.10776615
  7.99604796  7.88712534  7.78091459  7.67745195  7.57677396  7.47883072
  7.3837686   7.29132387  7.20174987  7.11487087  7.0308454   6.94908738
  6.87005486  6.79377973  6.72035379  6.64964962  6.58176647  6.51667825
  6.45440376  6.3949463   6.33828176  6.28262498  6.21303849  6.14631862
  6.08237721  6.02120362  5.96290748  5.90745078  5.85484081  5.80502256
  5.75808515  5.71400701  5.67274062  5.63443256  5.59900242  5.56639182
  5.53676444  5.50987863  5.48599652  5.46502887  5.4469142   5.4317244
  5.41943375  5.41005311  5.4035974   5.39998067  5.39938168  5.40151597
  5.40667751  5.41466254  5.42555629  5.4392472   5.44068341  5.4027403
  5.36870291  5.33862127  5.31256133  5.29049079  5.27162801  5.24752802
  5.22548574  5.2055839   5.18777936  5.17196586  5.15831778  5.14680432
  5.1373377   5.13004799  5.12477861  5.12152392  5.12031789  5.12127519
  5.12414255  5.12928843  5.13635573  5.14551149  5.15667729  5.16980961
  5.18497661  5.20221166  5.22146815  5.24264002  5.26586907  5.29104098
  5.3181653   5.34734338  5.37845091  5.41148086  5.44649873  5.48334069
  5.52215703  5.56287238  5.60254601  5.59219352  5.58403485  5.57814595
  5.57442428  5.57287274  5.57330177  5.57589218  5.58049925  5.58692088
  5.5952778   5.60551877  5.61744402  5.6310906   5.64640159  5.66150223
  5.66587085  5.67197696  5.6795742   5.68872441  5.69936834  5.71150602
  5.72494714  5.73970341  5.75595592  5.77321046  5.76060719  5.74584012
  5.73240063  5.72036877  5.70968467  5.70032396  5.69233779  5.68585659
  5.68073576  5.67695551  5.67476908  5.67398825  5.67476869  5.67706068
  5.6632883   5.64400264  5.62740345  5.61352106  5.60265123  5.59467465
  5.58969785  5.58784512  5.58922211  5.59387573  5.60175207  5.61315607
  5.62814794  5.64663379  5.66868734  5.69446172  5.72402533  5.75741095
  5.79444612  5.83558228  5.88062598  5.9294537   5.98233556  6.03920088
  6.10007109  6.16494579  6.2251922   6.24406748  6.26764524  6.29597725
  6.32917404  6.36731686  6.41039232  6.45845947  6.4754347   6.49166861
  6.51081384  6.53264031  6.55741934  6.58503623  6.61569531  6.64924004
  6.68588968  6.72555319  6.76819033  6.81398981  6.86288975  6.91486989
  6.97001148  7.02828209  7.08970126  7.15435015  7.22213406  7.29305431
  7.36721525  7.44461541  7.52501396  7.60864229  7.69550012  7.78542762
  7.87859193  7.97477938  8.07426479  8.17667103  8.2822325   8.39088213
  8.5025545   8.61723338  8.72986186  8.75488867  8.78264713  8.81324604
  8.84664442  8.88291787  8.92201675  8.96397657  9.00889216  9.0566643
  9.10750708  9.16122375  9.21772683  9.27717808  9.33960298  9.33268216
  9.2964692   9.26411898  9.23561339  9.21100377  9.19031088  9.1734874
  9.16070969  9.15182823  9.14688475  9.14587739  9.14886101  9.15578296
  9.16649637  9.18111813  9.19957466  9.22176497  9.24782726  9.27743056
  9.15730154  9.0292586   8.90378311  8.78099622  8.66086592  8.54356559
  8.42905999  8.31742361  8.20864928  8.10296375  8.00027051  7.90066568
  7.80412687  7.71096844  7.58514559  7.46130357  7.34107843  7.22482501
  7.11259135  7.00429632  6.90004984  6.80024961  6.70451451  6.61327082
  6.52647081  6.44416166  6.36641645  6.29322244  6.22474828  6.16101879
  6.102035    6.04783761  5.99841626  5.9537804   5.91388856  5.87878905
  5.84849861  5.82285233  5.80184671  5.78539249  5.77357664  5.76621044
  5.76302751  5.76427553  5.76960857  5.77885852  5.792158    5.8091501
  5.82977436  5.85398572  5.88144113  5.91235048  5.94623427  5.91798493
  5.86012969  5.80256803  5.74496874  5.68765591  5.63034001  5.57306266
  5.51593686  5.45877312  5.40155307  5.34449336  5.28732625  5.23010794
  5.17305674  5.11584687  5.05878805  5.00154897  4.94429617  4.88711958
  4.82986876  4.77266911  4.7154752   4.65820191  4.60114948  4.54397839
  4.48712834  4.43031703  4.37359068  4.31716248  4.26095361  4.20515537
  4.14951743  4.09462891  4.04034993  3.98424087  3.90019149  3.81745729
  3.73608199  3.65669622  3.57921128  3.50448733  3.43283324  3.36445693
  3.30008189  3.24030147  3.18567447  3.13657565  3.09360732  3.0577287
  3.02942254  3.00881467  2.96626305  2.9282263   2.89541     2.86780178
  2.84612663  2.83064256  2.82156841  2.81939235  2.82440712  2.83655464
  2.85637384  2.88383644  2.91889545  2.96146235  3.01168084  3.0693599
  3.13447404  3.20651824  3.28577015  3.37155662  3.46383379  3.56231881
  3.66663003  3.776839    3.89225323  4.01303896  4.14762907  4.30594528
  4.46762168  4.63258908  4.80047079  4.92057995  4.99775848  5.07796438
  5.16098506  5.24672219  5.3350898   5.42592446  5.51943638  5.61518732
  5.71332916  5.81380574  5.91647287  6.02113856  6.12810438  6.23704078
  6.34790416  6.46068695  6.5753895   6.69202477  6.81029275  6.93040101
  7.05223442  7.17573675  7.30089305  7.42778615  7.55612537  7.68622668
  7.81763664  7.95075144  8.0853969   8.22145995  8.35893825  8.49795294
  8.63834032  8.78024488  8.92339825  9.06803661  9.21405656  9.36145337
  9.5102045   9.6602321   9.81162893  9.96429613 10.11831076 10.27368348
 10.43030557 10.58814781 10.74734764 10.90774652 11.0694206  11.23232903
 11.38136069 11.52935031 11.67844351 11.82872626 11.98026848 12.13293992
 12.28677164 12.44180357 12.59792967 12.75523517 12.91361009 13.07317919
 13.2338824  13.39570847 13.55851189 13.72254654 13.8711022  13.98375017
 14.09717206 14.21143992 14.32638778 14.44224899 14.55883158 14.67620699
 14.79439553 14.91329291 15.03289995 15.15328295 15.27442169 15.39635392
 15.51890509 15.64216082 15.7661335  15.85778895 15.94001442 15.94191963
 15.90570237 15.80870212 15.71284365 15.61807973 15.52445001 15.43191929
 15.3406564  15.25041461 15.16133329 15.07332927 14.98667973 14.90092171
 14.81647064 14.73309433 14.65068228 14.56950221 14.48939636 14.41038748
 14.33252754 14.25567441 14.18010081 14.10552293 14.03203962 13.95964247
 13.88835402 13.81812263 13.74904546 13.6809205  13.61411874 13.54822653
 13.48339437 13.41972704 13.35721859 13.29574127 13.23527611 13.17587283
 13.11762305 13.06040826 13.00435742 12.94932773 12.89527697 12.84240045
 12.79057124 12.73989914 12.69024957 12.64169538 12.59428826 12.54773872
 12.50240508 12.45805933 12.41491781 12.37274618 12.33160184 12.29168428
 12.25285113 12.21504942 12.17838198 12.14277626 12.10828222 12.07479825
 12.04254335 12.01130678 11.98115117 11.95222889 11.92429682 11.8973434
 11.87181459 11.84715153 11.82366396 11.80127899 11.78010603 11.75997885
 11.74106455 11.72330922 11.70653774 11.69111146 11.67664455 11.66345725
 11.65138643 11.64054604 11.63081723 11.62214648 11.61480207 11.60866056
 11.60371812 11.59982452 11.59726364 11.59592484 11.59568355 11.5968352
 11.59902931 11.6018335  11.60482258 11.608768   11.61358439 11.61922974
 11.62576948 11.63308898 11.64143501 11.65038157 11.66010843 11.67067945
 11.68198259 11.69403616 11.63447381 11.57400706 11.51408355 11.45480811
 11.39615659 11.3380106  11.28052332 11.22368818]mm

Average Loss Distances:
8.854232650030786mm

Max Loss Distances:
15.941919625091387mm

Min Loss Distances:
2.81939234518633mm