Loss Distances:
[ 7.41859149  7.40272829  7.38806615  7.37525209  7.36404901  7.35438377
  7.34653725  7.34021439  7.33575455  7.33313869  7.33223558  7.33304194
  7.33573291  7.34019323  7.34664552  7.3549747   7.36512307  7.37727183
  7.39137704  7.40737632  7.4254679   7.44547458  7.46761127  7.49174203
  7.51787695  7.54599552  7.57613586  7.60833059  7.64263325  7.67895724
  7.71736636  7.75783566  7.80034724  7.84482663  7.89130223  7.94009142
  7.99071229  8.04339615  8.09820358  8.15502938  8.21366245  8.27450145
  8.33717329  8.40194442  8.46859164  8.53718867  8.60759951  8.68004827
  8.75451626  8.8306211   8.90876409  8.98883766  9.07053191  9.15424503
  9.23970188  9.32684898  9.41581674  9.5065077   9.59909861  9.69317075
  9.78917388  9.88664873  9.98607273 10.08698979 10.1895108  10.29373213
 10.39946312 10.37362779 10.34672983 10.3207204  10.29574812 10.27208081
 10.24934103 10.22761298 10.2069763  10.1874422  10.16877872 10.15129114
 10.13472028 10.11929213 10.10467515 10.09126244 10.07886518 10.06679965
 10.0554182  10.04538043 10.0360583  10.02793115 10.02103832 10.01505544
 10.01011694  9.98523447  9.9339085   9.88321071  9.83346654  9.78434287
  9.73599259  9.68858595  9.64176788  9.59579034  9.55059091  9.50631803
  9.4628684   9.42020324  9.37824498  9.33729242  9.29702204  9.25769864
  9.21915487  9.18155159  9.09970585  9.00961003  8.92091567  8.83339046
  8.74712967  8.66231948  8.57876045  8.4966041   8.41572     8.33624265
  8.25826604  8.18161871  8.10642775  8.03253631  7.96008112  7.88927991
  7.81981274  7.75182553  7.68535613  7.62041543  7.55704753  7.49516449
  7.4348978   7.37609458  7.31904471  7.26343252  7.20956198  7.15726428
  7.10652366  7.05751003  7.01018023  6.96447009  6.92047105  6.8782001
  6.83752871  6.798636    6.76145629  6.72606782  6.69232176  6.66029206
  6.63010342  6.60167967  6.57484424  6.54998103  6.52674374  6.50527177
  6.48558364  6.46760261  6.45132179  6.43691598  6.42418404  6.41317814
  6.40387831  6.39646693  6.39056997  6.38643042  6.38398583  6.38322455
  6.38414193  6.38668446  6.39088568  6.3966265   6.40405936  6.4130211
  6.42359679  6.43566862  6.44929058  6.46438368  6.48107177  6.49912171
  6.51873066  6.53963609  6.56206413  6.58569265  6.61090283  6.63731075
  6.66511243  6.69415705  6.72449277  6.7479465   6.73654423  6.72723555
  6.71964753  6.71399328  6.71020635  6.70826482  6.70823938  6.70988263
  6.7133384   6.71854851  6.72560422  6.7343988   6.74470912  6.7567784
  6.77054948  6.78586097  6.80285681  6.82130593  6.8413353   6.86289295
  6.88594387  6.91043422  6.93636746  6.96358986  6.94669864  6.89418397
  6.84302143  6.79307321  6.74441057  6.69697304  6.65073108  6.59520078
  6.53975784  6.4861353   6.43427511  6.38422664  6.3359865   6.28933207
  6.24449735  6.20135135  6.15989443  6.12011067  6.06092996  6.00005409
  5.93966345  5.87986634  5.82066271  5.76193333  5.70381502  5.64616915
  5.58904844  5.53234953  5.47620692  5.42048303  5.36529362  5.31061392
  5.25618773  5.20236021  5.14898787  5.09590231  5.04336436  4.99122334
  4.93950157  4.88815474  4.83727843  4.7868031   4.73670563  4.68707358
  4.63781996  4.5890288   4.54059751  4.49261762  4.44507507  4.39793559
  4.3512653   4.30508672  4.25929221  4.21401379  4.16923342  4.12494315
  4.08116471  4.0379183   3.99522386  3.95320004  3.9117305   3.87082935
  3.83067541  3.79125938  3.75248372  3.71442732  3.67723912  3.6409098
  3.6055114   3.57091258  3.53734312  3.50475514  3.47330177  3.44297667
  3.41386532  3.38593652  3.35934566  3.33398462  3.31015047  3.28775896
  3.26704903  3.24792064  3.23039977  3.21471065  3.20075764  3.18878708
  3.17884961  3.17085149  3.16485366  3.16104108  3.15956544  3.16027186
  3.16333624  3.16873343  3.17653343  3.18680159  3.19957854  3.21487441
  3.23276439  3.25307139  3.27598709  3.30159652  3.32972446  3.36048867
  3.39384617  3.42976875  3.46819809  3.5093261   3.55286548  3.59901558
  3.64755129  3.69851659  3.7519672   3.80786569  3.86600813  3.92656212
  3.98940504  4.05441571  4.12167227  4.19124043  4.2443549   4.18935069
  4.14135282  4.10039807  4.06664198  4.04009863  4.02086449  4.00899545
  4.00440689  4.00718518  4.01710308  4.03430225  4.0581891   4.06185435
  4.06352254  4.06722346  4.07389708  4.08279934  4.09410761  4.10780211
  4.12371264  4.14180383  4.1620879   4.18458115  4.20891371  4.23528856
  4.2634666   4.29363351  4.32548914  4.35886053  4.39420268  4.43085216
  4.46916763  4.50894929  4.55006226  4.59255705  4.63638296  4.68136265
  4.72762974  4.77487879  4.82348135  4.87298618  4.92358355  4.97512872
  5.0276111   5.08090464  5.13517651  5.19029902  5.24625055  5.30309038
  5.36077276  5.4192026   5.47832577  5.53800598  5.59851356  5.65966476
  5.72139996  5.78373487  5.84673683  5.91023707  5.97424043  6.03894155
  6.10415072  6.16995443  6.23617298  6.3030068   6.37039356  6.43820642
  6.48643859  6.53405277  6.58232949  6.63124902  6.68074507  6.71713961
  6.6780877   6.62821515  6.57889296  6.53026861  6.48237135  6.4350102
  6.3885274   6.34275403  6.29774245  6.25353923  6.21027984  6.1678383
  6.12626309  6.08565671  6.04614666  6.00751002  5.9699863   5.93356153
  5.89813613  5.86396646  5.83103706  5.79929891  5.76887274  5.73973359
  5.71200625  5.68568531  5.66073337  5.63731106  5.61550741  5.5950906
  5.57643614  5.55929465  5.54400465  5.53025822  5.51835881  5.5083609
  5.50005304  5.49380962  5.48932173  5.48676712  5.48635377  5.48770202
  5.49126464  5.49686969  5.50445029  5.51426552  5.54265533  5.59657086
  5.65138425  5.70699728  5.76367578  5.82108319  5.8794565   5.93857538
  5.99860088  6.05961555  6.12137151  6.18401809  6.24755389  6.31201908
  6.37725369  6.4433915   6.51034085  6.57829576  6.64697905  6.7165594
  6.78716277  6.85851478  6.93071155  6.98581441  7.04319461  7.10365984
  7.16717658  7.23335145  7.30244916  7.37430931  7.44883516  7.52592949
  7.60547363  7.68734968  7.77167982  7.85813539  7.94691802  8.03778021
  8.13064557  8.22553793  8.32224871  8.42091543  8.52135211  8.62356154
  8.72740852  8.83288522  8.9399898   9.04854068  9.15870127  9.27021268
  9.34836678  9.37856505  9.4097845   9.44209196  9.47549788  9.50997403
  9.54540203  9.58187598  9.6194542   9.65790715  9.69737328  9.7377962
  9.77924498  9.82156516  9.86475249  9.90897109  9.95415229 10.00003711
 10.04699608 10.09474601 10.08435948 10.06152614 10.03925537 10.01777408
  9.99690469  9.97682872  9.9574345   9.93526604  9.86803306  9.80159368
  9.73556867  9.67047965  9.60633275  9.54311649  9.48082215  9.4195349
  9.35917873  9.29984216  9.24154478  9.18423932  9.12805655  9.07293194
  9.0041773   8.92767185  8.85232807  8.77816489  8.70531134  8.63361794
  8.56328218  8.49424537  8.42655125  8.36020505  8.2953378   8.23183702
  8.16984271  8.10933106  8.05040454  7.99284476  7.93701135  7.88976481
  7.85176761  7.83513368  7.81970482  7.80534051  7.79204804  7.78005891
  7.76910346  7.75936733  7.75066727  7.743099    7.7366368   7.73127774
  7.72704276  7.72388922  7.72196218  7.72104169  7.72117076  7.72243201
  7.72474184  7.72818991  7.73255618  7.7382067   7.7448405   7.75251164
  7.76129796  7.77101577  7.78186087  7.7937376   7.80675395  7.82066781
  7.83572987  7.85174598  7.86893766  7.8870372   7.90607569  7.9261896
  7.94741253  7.96960957  7.99280253  8.01704111  8.04226028  8.06848215
  8.09567163  8.12393367  8.15316069  8.18340953  8.21457567  8.24683869
  8.27995636  8.31424101  8.34938501  8.38549673  8.42274194  8.4608153
  8.49993827  8.54009343  8.58119278  8.62323025  8.66632202  8.71038378
  8.75541861  8.8014237   8.84839788  8.896357    8.94535597  8.99525372
  9.04621203  9.09810146  9.15105042  9.20488545  9.25975008  9.31557525
  9.3724331   9.43029362  9.48906394  9.54893302  9.61104695  9.69170701
  9.77391114  9.85749655  9.94238089 10.02878429 10.11649383 10.20552685
 10.29596999 10.38774173 10.48077508 10.48599124 10.42727435 10.36976136
 10.31340091 10.25823415 10.20423928 10.1515152  10.09986503 10.04947636
 10.00012013  9.95198214  9.90505118  9.85919577  9.81460083  9.77113598
  9.72876163  9.68750282  9.64750555  9.60860939  9.57078932  9.53416097
  9.49862623  9.46430187  9.43097109  9.39880326  9.36777747  9.33788005
  9.30900895  9.28128034  9.25452319  9.22911293  9.20463953  9.18126497
  9.15889859  9.13771689  9.11748592  9.09832904  9.08030732  9.06339662
  9.0474869   9.03259249  9.0186716   9.00588469  8.97193056  8.91736495
  8.86376861  8.81103381  8.75927086  8.70850299  8.65856413  8.6095422
  8.56144705  8.51414497  8.46787572  8.42231319  8.37781254  8.33414103
  8.29144841  8.24956368  8.20866572  8.16850173  8.12931315  8.09100522
  8.05357538  8.01706351  7.98137932  7.94660498  7.91268795  7.879629
  7.84751139  7.82696198  7.8306936   7.83600359  7.842463    7.8503309
  7.85949313  7.86991276  7.88157447  7.89451676  7.90873597  7.92422971
  7.94084821  7.95873913  7.97787234  7.9980932   8.01956231  8.04219219
  8.06595972  8.09088298  8.1169175   8.14409119  8.17233489  8.20170949
  8.23220572  8.26363321  8.29625342  8.32996766  8.36465692  8.40035104
  8.43710085  8.47488543  8.51368133  8.55339014  8.59431475  8.63601023
  8.67878941  8.72255673  8.76720469  8.81287879  8.85954699  8.90719254
  8.95571142  9.00520264  9.05559969  9.10693729  9.15922     9.21250104
  9.26668758  9.3217183   9.37775129  9.43469527  9.49250913  9.55121915
  9.61084207  9.67147689  9.73297544  9.79538688  9.85868805  9.92289516
  9.98806335 10.05412377 10.12103803 10.18890664 10.2577392  10.32741944
 10.39800598 10.46952623 10.54194033 10.61537879 10.6895623  10.76477872
 10.84100064 10.91800153 10.99601783 11.07496798 11.15478613 11.2355901
 11.32133585 11.40949626 11.49871988 11.58891311 11.6800773  11.77223149
 11.86544364 11.95953702 12.05480804 12.15083864 12.24804742 12.3461471
 12.44534184 12.54547986 12.64669295 12.74886979 12.85199502 12.95625961
 13.06141828 13.16773598 13.27494722 13.38322012 13.49260503 13.60292517
 13.71431784 13.82674112 13.94021185 14.0547372  14.04700916 14.01825374
 13.99219709 13.97220733 13.9530898  13.9348164  13.91738532 13.90081233
 13.88502478 13.87020881 13.8561351  13.84297072 13.83078513 13.81927261
 13.80876203 13.79929258 13.79050576 13.78271505 13.77577715 13.76971143
 13.76460063 13.76048852 13.75727461 13.7549743  13.75362447 13.75327839
 13.75373568 13.75525543 13.7576982  13.76116596 13.76560146 13.77110241
 13.77748936 13.78493201 13.79332928 13.80273164 13.81314361 13.82466071
 13.83720567 13.85071624 13.86526348 13.88087768 13.89776439 13.91545162
 13.93423304 13.95413841 13.97516447 13.99721479 14.0203071  14.04465745
 14.06997959 14.0964454  14.12408306 14.15281732 14.18270462 14.21368935
 14.24583794 14.27902975 14.17896842 14.07463664 13.97196284 13.87112154
 13.77205386 13.67474021 13.57933192 13.48569808 13.39414766 13.30440174
 13.21672078 13.13112555 13.04753433 12.96611999 12.8868098  12.80960705
 12.72334693 12.62658088 12.53100216 12.43655663 12.34323133 12.25103805
 12.15985484 12.06991597 11.98109282 11.89349999 11.80701162 11.7217568
 11.63762891 11.55472973 11.4729714  11.39240527 11.31303906 11.23503028
 11.15810124 11.08246743 11.00801792 10.9348698  10.86298521 10.79227672
 10.72297537 10.65480488 10.58805415 10.5225671  10.45826618 10.39557948
 10.33401632 10.27373392 10.21483722 10.1573687  10.1012554  10.04639565
  9.99291731  9.94094427  9.89029978  9.84108008  9.79330913  9.74683688
  9.70194969  9.65835991  9.61622823  9.57556632  9.53625612  9.49855933
  9.46227706  9.42748038  9.39418957  9.36235562  9.33194885  9.30309364
  9.2757803   9.24982898  9.22557821  9.2027203   9.18148847  9.16163681
  9.14333025  9.12662585  9.11140133  9.09774035  9.0856221   9.0750362
  9.06594255  9.0583195   9.05221668  9.04784012  9.04482048  9.04346986
  9.04349175  9.0450506   9.04824156  9.05285378  9.07902523  9.07363474
  9.06825678  9.0638585   9.05998852  9.05685175  9.05445101  9.05255799
  9.05137575  9.05084641  9.05102625  9.05180901  9.05320895  9.05519597
  9.05798046  9.06104828  9.06510189  9.06943661  9.07449633  9.08010181
  9.08635445  9.09317668  9.10055121  9.10847142]mm

Average Loss Distances:
8.23466756824746mm

Max Loss Distances:
14.279029745990316mm

Min Loss Distances:
3.1595654351946103mm