Loss Distances:
[ 3.14759335  2.2587699   1.64183778  1.28212719  2.65166787  4.39837889
  4.82475501  5.51315444  6.91048597  8.76101546  9.00405801  7.78754803
  6.92966229  6.35774027  6.06802961  7.46282953  8.9547491   9.96577553
 11.05105865  8.93039159  7.4344532   6.9113916   7.63814912  8.93778545
  9.58419019  9.0764774   6.93287736  5.90766526  6.30684434  7.77914061
  9.84584544 11.08305871 11.37193201  9.16732157  7.47857402  7.04900434
  7.69663     9.37344835  8.51970314  8.36778035  7.45276882  6.42937632
  5.71560775  5.61889414  5.84096545  6.40110738  7.10518597  8.30255559
 10.36897797 12.83738376]mm

Average Loss Distances:
7.3287344816596836mms

Max Loss Distances:
12.837383763739403mm

Min Loss Distances:
1.2821271902473257mm