Loss Distances:
[ 4.24620494  4.22201121  4.20098364  4.18319441  4.16875781  4.1576678
  4.11215447  4.06737509  4.02387089  3.98158166  3.94050958  3.90053975
  3.86182621  3.82429315  3.78800786  3.75291107  3.71893538  3.68622529
  3.65471954  3.6243629   3.59523228  3.56721042  3.5404806   3.51475243
  3.49025866  3.46691259  3.44470305  3.42359675  3.4036068   3.38463169
  3.36684919  3.35000887  3.33420465  3.31948534  3.30575371  3.29303007
  3.28122439  3.27044206  3.26054174  3.25142727  3.24330719  3.23602665
  3.2295289   3.22388163  3.21898691  3.21496479  3.2115751   3.20896862
  3.20699192  3.20565354  3.20502019  3.2050524   3.20570825  3.2068667
  3.20857522  3.21097844  3.21380132  3.21718323  3.2211173   3.22543221
  3.23031219  3.23553342  3.24131964  3.24746123  3.25404567  3.26108785
  3.26851641  3.2763649   3.28464485  3.29326265  3.30227196  3.31169394
  3.32150207  3.3317066   3.34235346  3.3533765   3.36477602  3.37662905
  3.38885453  3.40159642  3.41480901  3.42838633  3.44245923  3.45709226
  3.4722292   3.48790209  3.50409229  3.5207834   3.53821632  3.5561314
  3.57477638  3.59406143  3.61403603  3.63473258  3.65628061  3.67850304
  3.70157174  3.72551082  3.75021825  3.77588188  3.80255342  3.83011345
  3.85871443  3.88839541  3.9190972   3.95087119  3.98378338  4.01799458
  4.05329303  4.08993127  4.12782403  4.16712594  4.20753741  4.24940652
  4.23659833  4.22142354  4.20976972  4.20168988  4.19732218  4.18984748
  4.13156397  4.07604888  4.02343959  3.97386895  3.92755132  3.88465691
  3.84522937  3.80955138  3.77772944  3.74985348  3.72611353  3.70668965
  3.69161882  3.68104488  3.67508224  3.67371764  3.67710112  3.68524807
  3.69813586  3.71574218  3.73804949  3.76519929  3.79698739  3.83332698
  3.87412865  3.91939342  3.96898952  4.02273001  4.0805882   4.1423457
  4.20797561  4.27727282  4.35006926  4.42632032  4.5056814   4.58839628
  4.67398773  4.7625271   4.85372399  4.94757097  5.04401063  5.14270444
  5.24382924  5.3470452   5.45239279  5.55968413  5.66891268  5.77988142
  5.89264784  6.00706076  6.1230745   6.24049676  6.35952992  6.47977868
  6.60136778  6.72428376  6.84828153  6.97346641  7.09973064  7.22704413
  7.35537891  7.48460828  7.61478833  7.74579262  7.87771827  8.01039865
  8.14380731  8.2715894   8.35036145  8.43040486  8.51158661  8.59398117
  8.67749848  8.76231212  8.84801446  8.93482908  9.02273558  9.11158326
  9.20153791  9.2923618   9.38431553  9.47696822  9.57064769  9.66518679
  9.76054819  9.85675204  9.95371995 10.05144613 10.14994694 10.24929409
 10.34919559 10.44982297 10.55120183 10.65322851 10.75568177 10.63755908
 10.44952989 10.26373864 10.08043444  9.89947648  9.72087373  9.54458083
  9.37081226  9.19937796  9.03038011  8.86368557  8.69949808  8.53758961
  8.37804685  8.22096269  8.06622604  7.91379926  7.76394349  7.6164909
  7.47139374  7.32870741  7.18845743  7.05064784  6.91536823  6.78235813
  6.6519605   6.52393771  6.39847625  6.27563015  6.1552161   6.03742851
  5.92203522  5.80941379  5.69938748  5.59192931  5.48717322  5.38516976
  5.28575392  5.18922874  5.09553244  5.0046962   4.91663399  4.83474491
  4.78887406  4.74816251  4.71244133  4.6820085   4.65677966  4.6369993
  4.62237866  4.61312318  4.60926853  4.56466283  4.51938749  4.47734971
  4.43854631  4.40290085  4.37041826  4.3411306   4.31484458  4.29168345
  4.27166589  4.25455028  4.24051123  4.2295098   4.22124637  4.21594433
  4.21332702  4.21347671  4.21630376  4.22173034  4.22965581  4.24013425
  4.25295703  4.26764434  4.28409606  4.30277426  4.32340209  4.34598697
  4.37084473  4.39750032  4.42626309  4.45700679  4.48962151  4.52420129
  4.56054738  4.598831    4.63887445  4.68075548  4.72453479  4.7699718
  4.81709415  4.86599202  4.91663552  4.96883352  5.02275766  5.07832475
  5.13538491  5.19418985  5.25449195  5.31635347  5.37976668  5.44469034
  5.51105521  5.57895866  5.64832374  5.71913058  5.7913816   5.86513423
  5.94016931  6.01660305  6.09448732  6.17372704  6.25423481  6.33617972
  6.41943712  6.50398819  6.58981105  6.67694982  6.76543115  6.85505997
  6.94603893  7.038307    7.1316849   7.22639438  7.28394722  7.30250399
  7.32224194  7.34316806  7.36530496  7.38868404  7.41327668  7.4391866
  7.4661759   7.49452935  7.52410181  7.55494647  7.58701081  7.62041597
  7.65502588  7.69093392  7.72805033  7.76653068  7.80630478  7.84734571
  7.88971225  7.93338268  7.97832209  8.02461678  8.07218292  8.1211214
  8.17132268  8.22291422  8.27572304  8.32998841  8.385546    8.44238919
  8.50062683  8.56019357  8.62110134  8.68333336  8.74693595  8.81189217
  8.8781179   8.945761    9.01474882  9.08508938  9.15679021  9.22978825
  9.30417079  9.37989709  9.45690578  9.53540731  9.61512583  9.69624916
  9.77864902  9.86241268  9.94759227 10.03402705 10.1218204  10.21091132
 10.30136479 10.3931425  10.48624538 10.58068958 10.62258566 10.63928306
 10.66075929 10.68673872 10.7172218  10.75205738 10.79117581 10.83438818
 10.88162113 10.92882102 10.96781112 11.00861396 11.0511821  11.09539942
 11.14111949 11.18842846 11.23712173 11.28722268 11.33856406 11.39121177
 11.44289562 11.47533406 11.51059868 11.54866434 11.58923364 11.63241104
 11.67796397 11.72576451 11.77574537 11.82785079 11.8819551  11.93791597
 11.99561164 12.05503653 12.11606807 12.17856801 12.24253574 12.30776924
 12.37428424 12.44202597 12.51076709 12.58059687 12.65131407 12.72298175
 12.79542307 12.86863808 12.94251218 13.01702262 13.09213048 13.16783994
 13.24395761 13.32053983 13.397494   13.47476413 13.552388   13.63033629
 13.70846274 13.78688487 13.86541575 13.94417698 14.02301854 14.10204901
 14.18110527 14.26030661 14.33956538 14.41883363 14.49819908 14.57758814
 14.65700945 14.73641908 14.81589975 14.89538647 14.97493679 15.05444272
 15.13403653 15.21363268 15.29328905 15.37298079 15.45277493 15.53268135
 15.612615   15.69266406 15.77285953 15.85314665 15.93368304 16.01433583
 16.09521013 16.17632969 16.25767562 16.33935105 16.42126931 16.50357673
 16.58624274 16.66925617 16.75274146 16.8366403  16.92107339 17.0060275
 17.09157298 17.21646622 17.35606712 17.49753271 17.64098849 17.78643833
 17.93385925 18.08327538 18.23461008 18.38801279 18.54335429 18.70068066
 18.86002511 19.02137346 19.18477251 19.35017345 19.51766272 19.65399044
 19.70826667 19.76368221 19.82041953 19.87841789 19.93771485 19.99835379
 20.06036642 20.12372784 20.18858443 20.25485393 20.32265533 20.3919314
 20.46291906 20.53534233 20.46424828 20.33765652 20.21148287 20.08569513
 19.96034635 19.83542536 19.71097747 19.58710559 19.46371028 19.34076624
 19.21840989 19.0966482  18.97547084 18.85485789 18.73486095 18.61549441
 18.49684897 18.37883033 18.26153476 18.14497314 18.02907777 17.91394329
 17.79966529 17.68614851 17.57339629 17.46149225 17.35043141 17.24025181
 17.13097594 17.0225565  16.91511882 16.80859663 16.70309961 16.5985116
 16.49498864 16.39244306 16.29094419 16.19056969 16.09127271 15.9930508
 15.89591009 15.79994961 15.70520531 15.61153437 15.51908662 15.42785369
 15.33789675 15.24916685 15.16173647 15.07560442 14.99081216 14.9072973
 14.82516906 14.74441359 14.66502023 14.58703714 14.5104662  14.43542158
 14.36175956 14.28960958 14.21886862 14.14975768 14.08211423 14.0160393
 13.95150225 13.88849655 13.82714126 13.76732258 13.70914182 13.65261911
 13.59766969 13.54444631 13.4927867  13.44287726 13.39459833 13.3480081
 13.3031502  13.25998462 13.21850837 13.17877951 13.14073863 13.10442045
 13.069871   12.95617074 12.82916605 12.70408159 12.58088736 12.45965832
 12.34032712 12.22298459 12.10755756 11.99414888 11.88251567 11.77289682
 11.66528784 11.55957787 11.45583466 11.35391508 11.25401083 11.15601873
 11.05997852 10.96581297 10.87357158 10.78332216 10.69497961 10.6084508
 10.52392114 10.44127801 10.36049615 10.2815757  10.20467576 10.1294972
 10.05637152  9.98500992  9.91550915  9.84791664  9.78217379  9.71824736
  9.65615091  9.59590887  9.53749421  9.48095226  9.42607254  9.3731598
  9.32197198  9.27256527  9.22492673  9.17907332  9.13494329  9.09260529
  9.05194894  9.01300889  8.97577337  8.94031763  8.90660303  8.87448902
  8.84408536  8.815284    8.78816534  8.7627211   8.69461523  8.61618763
  8.53996833  8.46580018  8.39379264  8.32391203  8.25613694  8.1904901
  8.12699267  8.06571295  8.0064759   7.94940986  7.89443727  7.84176696
  7.79111188  7.7425334   7.69605245  7.65170489  7.60943072  7.5692642
  7.53114578  7.49499679  7.46093421  7.42887195  7.39882064  7.37076834
  7.34449487  7.32021752  7.29781782  7.27723605  7.25860852  7.241655
  7.22651915  7.21304928  7.20132785  7.1912506   7.18279766  7.17588301
  7.17056107  7.16671991  7.16431766  7.16344882  7.16377779  7.16549096
  7.16859103  7.17290077  7.17944103  7.18796339  7.19794927  7.20932392
  7.22199026  7.23597746  7.2513334   7.26800551  7.28590741  7.30498864
  7.32548095  7.34706403  7.36970152  7.39363316  7.41862326  7.44471125
  7.47178773  7.50001776  7.52924451  7.55946422  7.59058903  7.62274498
  7.6557441   7.68969746  7.7226886   7.75234853  7.79012196  7.82824815
  7.86673206  7.90548788  7.94454926  7.98377     8.02326538  8.06287541
  8.10259023  8.14240423  8.18227067  8.22213434  8.26196019  8.30187183
  8.34158318  8.38134119  8.42070485  8.46016777  8.49935654  8.53826445
  8.57695296  8.61542319  8.65365148  8.69153805  8.72905401  8.76625944
  8.80299621  8.83944352  8.87540879  8.91100922  8.94617608  8.98075275
  9.01481029  9.04844535  9.08155532  9.11413955  9.14613142  9.17756955
  9.20835953  9.23862976  9.26820373  9.29727734  9.32548838  9.35330372
  9.38030045  9.40662532  9.43239191  9.45736912  9.48171791  9.50531457
  9.52814262  9.55037861  9.57179425  9.59260956  9.61266502  9.63183342
  9.65030899  9.66814968  9.68511662  9.70150975  9.71702602  9.73019854
  9.70798876  9.68576408  9.66347276  9.64095718  9.61845829  9.59581789
  9.57320152  9.55050355  9.52781974  9.50503001  9.48223629  9.45953887
  9.43675648  9.41399564  9.39133768  9.36870228  9.34625475  9.32368416
  9.30138057  9.27913767  9.25699478  9.23517573  9.21338188  9.19195992
  9.17062303  9.14957418  9.12879814  9.10836292  9.0882091   9.06840277
  9.04909202  9.02989269  9.01145157  8.89447831  8.73599514  8.57682404
  8.4167708   8.25628622  8.09515688  7.93346092  7.77149079  7.60917501
  7.44663837  7.28413056  7.12172162  6.95946768  6.7976579   6.63639231
  6.47582704  6.31625475  6.15786893  6.00088392  5.84571292  5.69263721
  5.54195978  5.39395269  5.249244    5.10806395  4.97119466  4.8389416
  4.7119881   4.59104429  4.47667415  4.36982248  4.27113577  4.18133227
  4.10114914  4.03171717  3.97354331  3.92748263  3.89412189  3.87405138
  3.86767965  3.8753178   3.89701298  3.93286002  3.98256076  4.04589268
  4.12241813  4.21151246  4.31260102  4.42504395  4.54816565  4.68129679
  4.82365069  4.9746318   5.1336046   5.29680005  5.41163652  5.53586912
  5.66891023  5.81048875  5.98633006  6.17201571  6.36697245  6.57045121
  6.78188241  7.00081017  7.22666956  7.45882619  7.69705343  7.94096547
  8.19013269  8.44410038  8.70274535  8.75130786  8.69250872  8.63529479
  8.57957822  8.5253141   8.47254629  8.42128507  8.37155909  8.32330561
  8.27656956  8.23138321  8.18768384  8.14547202  8.10472557  8.06541972
  8.02767347  7.99147524  7.95669742  7.92333007  7.89160416  7.86129257
  7.83245552  7.8050647   7.77935006  7.75486172  7.73197181  7.71054693
  7.6905718   7.67198592  7.65503438  7.63940894  7.62530736  7.61271836
  7.60154826  7.59174331  7.58348321  7.57656822  7.57108103  7.56708455
  7.56462966  7.56346264  7.5637648   7.56545409  7.56858874  7.57306943
  7.57903078  7.58636045  7.55099555  7.43845776  7.32715542  7.2172397
  7.10864027  7.00129043  6.89539848  6.79071453  6.68748717  6.5855405
  6.4851568   6.38622219  6.28867178  6.19277003  6.09830639  6.00538648
  5.91424866  5.82459997  5.73681915  5.65067329  5.56633464  5.48374863
  5.40318968  5.32440524  5.24767318  5.17297071  5.10031645  5.02995182
  4.96162161  4.89566401  4.8319756   4.77065121  4.71182642  4.65553378
  4.60183623  4.55086246  4.50257606  4.45704291  4.41435098  4.37467602
  4.33794949  4.30427313  4.27366243  4.24626147]mm

Average Loss Distances:
8.571601557709569mm

Max Loss Distances:
20.535342325300523mm

Min Loss Distances:
3.2050201874604407mm