Loss Distances:
[  7.69258364  18.56779324  31.56142131  39.18044642  10.2878866
   7.04748067  16.22633359  22.09701508   5.11936394  11.63376065
   9.84293614  23.61705595   9.71746875  15.20756847  43.60848354
  12.308791    12.01039588  12.35851447   7.59713252   6.74771089
   4.60877557  24.97457065  35.27977666  17.59859402  33.05580107
  33.74476775   4.57625447  30.19599548  22.27375468  32.26676147
   9.40881499   3.9026208   12.7783483    2.47268623  71.46354584
   6.76319216   8.70595781  36.03567576   4.61825745  34.75838058
   4.59188466  19.98298619   9.76489201  42.66898509  10.47224085
  20.40586487   7.44072726   6.36099213  40.95269837   5.46331483
  26.66642851  11.13269907  26.66258651  11.79140682   3.49210726
  12.9467741   15.84200645   7.01637663  16.15609718  25.17206763
  16.80807118  17.43717599   8.85333141   9.71358635  16.11384338
  43.82373244   2.18768262  41.30507751   6.77233887  21.34334576
   8.64427164  38.70378828   2.27675776   2.40185661  44.15373667
   4.97054974  18.54276941  10.19794267   4.72758282  11.29681159
  17.40516788  19.38812641  26.7078033    5.51690549   5.3446495
   8.23952712  19.46853766   2.17172839   9.46149847   8.96995199
   2.85861334   6.98492271  32.18882907  36.53359355  73.67861174
  27.01805609   4.98232249   9.39299686  34.58905923   9.82710282
  32.96298457   5.11774209  16.62614816   9.74214976   9.90220983
  17.78405143  21.48756765  18.80531738  16.23380528  21.39139564
   7.12874257  26.48378447   8.95711647   3.40243421  17.19578297
  15.71636201  38.83400594  12.76666451  24.2934495   16.26461599
  17.23069502  27.64032131   7.53846086  29.82139166   9.18845979
  12.53553949  31.67921192  27.78205844  28.710706    18.65464976
  10.47689271  20.78365809  10.0554499   14.73135241  11.29501886
  11.92508534   2.98065294  34.46548551  43.00877538  12.88681126
   3.97451161  35.15531492  17.60456753  12.47778047   7.98068581
  37.80587345   7.98236206  10.42775143  37.21894505   5.11715247
   4.78577836   3.28192439  29.84978837  10.48441985  11.08525587
  13.27557282  37.15327554   7.26252107   4.91070645  21.21098953
  38.45228267   9.87497305   6.54314688  26.3646458    7.03761335
  19.58695566  17.09528824   5.85211854  12.3137437    7.12954912
  15.0656194   12.21775646  31.10870557  29.31084735   4.0740352
  18.06593284   6.78034554   3.483335     3.979069     9.35858972
   6.00024566  11.26594939  65.07229632  28.62867864   8.56165982
  22.57606869  32.88491173  11.12236634   3.6735778    6.91239694
  17.18530841  19.34944992  32.00356769   5.89276711   4.00327119
  11.17993242  12.55109277  17.95026556  15.86302234   4.09675251
  28.86365768   9.58714441  12.20729604  17.58303918  30.45582506
   5.90167194  10.23814786   2.82493636  21.61383826  20.8199623
   7.87455928  16.61130634  14.31015696   2.26659274   9.23222688
  11.84213122   8.78467961   5.26281759  13.65725425  17.29641765
  16.8020488   24.90790395   3.27217658   4.73617598  61.88596817
  18.38854768  19.275498    10.2850083   23.61433352  13.16489557
   7.91773745   7.8650081   20.77209431  11.48333721  11.02715938
  31.41655954  25.28745225  10.10838148  23.98143944  15.55511279
  38.00106338  13.51458916  17.7963489   33.95400041  15.32939477
  10.92021707 137.1163903   26.53506557   6.52415696  12.80395642
   9.19362993  13.46683705  13.00587632   3.78298653  40.59153226
  23.78260268   6.85185297   9.75578112  31.0597491    0.98176718
  12.12888092   6.25234587   4.69854737   2.68802862  24.66672289
  14.6635868    6.15638664   2.62192591  15.63489451   3.23098397
   6.72800888  24.11954585  26.34339738  51.97813299   3.03987858
   7.25283131  24.03857783  34.17962749  25.8287165   10.17349507
  11.71113138  13.08990845   4.07258439   4.20796326  40.99937712
  19.76123815  26.99235897  33.81124136   6.36534426   4.6597025
  10.22327583  11.07665384   7.69429498   3.596484   120.05232765
  23.37285609  16.56512398  25.89809413  17.21936828   6.15568589
  15.30867021  23.62367248  26.49219862   3.91850871  16.87792639
  37.15189904   8.95437497  37.88059289   4.36831639  14.53093923
  26.76938071   7.33919779  38.60097679   6.52132917  37.22819575
   5.15232081   8.87011938   7.87298699   5.25813102  16.80819181
  21.25011515   4.15968654  20.31775643  31.65187731  71.18507362
  10.44665087  22.3942206   12.09310627  12.3204187   10.7574019
   9.32383561  19.45798183  28.39544986   6.7334821   14.28379206
  17.93067628   9.92264476  15.02009478  34.73588199  11.40009446
   1.60222749  31.57535442  14.74335621  14.53269951   9.75104696
   9.60032691  12.77949723   5.99468876   7.5303152    5.28365878
  14.27502802  36.8812276   15.31263688   9.51313124  24.60565887
  40.3969797    2.10352475  14.32552003  16.05756276  10.66873521
   6.32725993  25.91487139  15.59030658  13.4602127    7.86307459
   9.41072247   6.38445884  19.34893684   8.51061096   7.084482
  33.97078931  10.05862548  25.64815822  10.32830638   2.17703392
  10.82054682   8.84278957  21.59630649  13.14945219  21.68000919
  18.06405934  12.14793516   2.23286276   7.72178966  23.0211135
  10.66287552  15.96453932  17.53717469  19.21224084   9.12957165
   7.09010313  10.69969237  10.93601218   9.35433825   4.19944508
  31.78341726  13.13738896  19.19684466  35.96508807  30.38672367
  33.92972147   8.39042024   9.91104001  34.06530189  11.47314754
   6.22158516  10.51026969  11.95604094  15.21047195  10.74584863
  15.40739415  25.11823534  14.06961338  19.55698434  24.27970945
  30.72998888  14.93201703   4.16460424  25.30306185  18.30054245
  15.29379561  25.03565613  37.82621957  18.65114529  83.35137186
  27.9687021   27.11248475  13.52469317   6.07332236  18.00806561
   4.30847936  10.29091234  34.56558126  19.96706948  12.74510249
  22.70151089  15.28499938  24.57036588  18.43963223  41.7548403
   5.45712275  10.45116873  17.74551261  12.95403928  13.88121617
  32.65774015  27.95500414   8.00633972   5.12462118  10.73569244
   1.91436459  13.54496423   8.71186363   5.68254613   4.81007195
   6.75502278  10.98151424  25.2715746   10.37077746  19.21089397
  19.54279882  36.46484639   5.13042128  18.38981603  12.28271925
   5.49361581   3.20377988  30.38872473   8.39585889   8.17195944
   9.08979778   4.0959235   38.1812969   29.50372519  10.06597536
   7.99359493  42.23837572  15.0059241    6.72588433   8.30874419
  19.54031599  44.75654891   5.61609154  11.4115625    6.14517499
   3.03242991  14.27101509  17.29409167  23.63647305   8.59269122
  11.51358115  11.78320546   9.29655946  25.40383516  10.89927969
  42.17377669  26.67422164  24.90949526  11.68000644  23.96690811
 141.72760321  23.52743767  12.98800429 116.61289078  13.34893715
  18.21859052  28.76627831  21.55400658  27.54798951  22.73588169
  11.03588484  17.4306707    5.89987579   2.83220058  16.48813029
   2.14207306  14.06263255   2.58886555  16.29458095 100.16405393
  15.61859848   5.04640851  11.69217945  10.90697513  54.71187889
  39.5866661   18.30232214  31.78948734   5.39150654  22.46118743
   7.08097908  26.94015412   5.97795053   2.13513411   5.46447082
   7.5020029    3.59142813  46.51922712  18.05044716  10.51641815
   5.00108309   3.38095263   6.65754079   8.08786379   8.38557819
   4.41524689  10.56166538  15.83109998   8.40493566  12.16289559
  35.16838711  22.59246638   7.2982914   12.87733941  14.90779765
  39.93671334  44.96335297   4.18983162   3.30175859  19.85247149
   8.9994688   15.95774462   5.04689689  38.39973587   8.31489707
  21.43491161  21.66019048  18.34810346  12.22241536   5.92029812
  16.53399218  32.1697182   30.91526236  38.82278387   8.03616031
  12.69720836  24.16021662  10.4395872   15.25038093  27.30137088
   9.01268396  22.8214069   34.22914486  14.52708611  40.0831051
  25.82244855  21.81333804   8.9948077   13.9376884   13.57570823
   9.03717802  19.09136609  10.55295816  10.09442699   1.68646194
  13.43855376  24.33276947  12.85590877  23.38039171  13.42467693
  11.89854119   8.07506878   7.42194744  13.93349425  32.5857517
   4.96473646   5.03761523   6.69496967   5.58034024   6.52511802
  23.18502187  13.5050107   25.52957801  19.47896721   8.4997074
  33.49752702  15.34552294  33.41047347  41.28660794  28.28111319
   9.59877883  17.33000927   2.02783683  20.17366823  10.87637614
  23.55364873  18.81370257  15.00365842  19.48328922  16.69507052
   5.15992938  27.47175139  16.68567224   6.56885588   4.5060894
  12.20123174  30.80867046  22.72659795   8.9793572   18.14072947
  20.92198276  31.11950734   9.76031275  12.62835942  25.22969689
   9.13686226   5.70999017  11.79478922   6.9923388   30.45559976
   6.87094923  12.10653221  39.79804889   8.27816971  10.54289881
   5.12494855  18.85809098  10.559458     6.52169667  21.23261937
  20.11164346  14.74300825  15.75544043  14.9105073    9.86981074
  14.12015972   6.13345209   9.57572469  16.06201478   8.40241259
  39.92459104   6.66881434  13.64124365   5.88673323  12.19269334
   3.32213462   5.13091849  10.99121698  28.80895814   7.98933706
  23.76407321   7.27678977   3.31778655  19.39466622   8.58183895
   7.11110489  30.3871534   17.89884515   7.74922074   2.43244444
  36.45310599  16.84015758   9.48565081  12.39133889  43.71496078
   3.52700147  10.85286098  13.12150258  10.40247884   2.04448225
  20.31801337   3.18499826   5.14391846   5.08561583   7.18631312
   5.96370004   4.46456705   3.40823533   6.81365442  12.4646071
   5.87272772  22.00766183  11.62155059  10.23807461  20.16126875
  10.37262569  24.12827916  12.8208875    8.87915635   7.27012268
   9.16174316  22.62751009  13.31872294  13.54405798  17.23523744
  20.59785471  13.85782389   6.43375044  17.28785641  14.66627926
  21.32572589  24.61628305  12.20435636   3.10498956  28.95149839
  29.7905867    6.45114582  13.72554064  19.04457573  42.13064937
   6.39536152  32.36471851  32.30838186  11.70940849   9.19468919
   5.6771799   37.42444886  13.37085389  16.74329346  37.51565316
  12.71605295  34.2636794   44.48842372  27.32451063   4.83102462
  12.45326665  23.45294761   2.37148104  23.35898647   7.59639249
   8.19878815  39.91487944  24.40764952  11.26419109  18.21547211
  20.7313853   11.09966143   8.46680845  39.18889431   3.04660818
  16.10380577   6.15738584  10.33949044  12.64305773  34.62803814
  22.98874688  19.25213887  24.08529785  23.08891713  15.34977821
  10.05503286   2.746272     7.39046205  38.12000621  32.27711078
   6.25461362   5.51295415  13.90838767  20.89854777   6.86154352
  35.08038574  50.50623307   3.10178304  11.86021219  11.47884074
   9.95923647  10.07141753  43.79073054   7.4577069   17.93934858
   7.28383768  10.62684906  15.88670846  37.39918605   6.95044701
  31.39900543   4.23437829  14.18699742  25.90918204  13.83784355
  17.23948635  17.97243188   5.6442058    9.32624961  24.70956538
  24.8699302   35.03503542   7.14007004  14.8802802   21.72296451
  10.44702855  38.13138185   5.03774461  19.26898102   3.38120018
   5.99022474   9.62155575  21.32514133  11.48737091   4.96133283
  24.56259035   4.60331015   7.53871735  12.17575789   7.34901608
  29.96567279  12.10266343  42.10313784  17.08552979  30.31441618
  30.57710549  30.50082819  24.15661742  10.06260291  25.94939492
   4.30742837  30.05951974   9.84203265  32.62936568  28.09902255
  26.53874     17.67996193  12.61126163   5.71260709   3.89109951
  20.12048205  45.58408809   7.83116488  15.4324832   24.48590012
  15.29734331   4.74469341  43.94713352   7.34282841  12.01581289
   7.81541378   4.90728937  11.83564626  29.65846074  12.39373293
  11.82065084  92.55566722  15.17177721   4.79079883  12.99616039
  71.88561271  23.11195022  22.08554443   4.50530234  12.27762337
  11.00314921  38.60376281  42.32114939   9.71134233   2.24595626
   7.92931564   6.68430752   7.57412282  30.10240219  11.76143489
  11.14519017   9.12349339   6.15834124  14.35776981   4.35728241
  16.02403801  33.42616686  21.39823555   4.28025385   5.60993814
  24.11752378   8.95791374  39.93358817   8.11707757  17.27463231
  18.73670951  58.39562169  15.44345797  31.36506575  28.63268611
   5.50504403   7.82602115   5.44762006  32.33516522  11.36885907
   5.50360634   8.22563395   9.70841285  22.8042641   22.38050732
   7.06177903  31.83713005   9.64566447  25.30689069  25.19791271
   3.73791867  35.78250786  23.54226257   2.55057948   9.15895503
   7.9802205    9.64131629   3.76798451  12.51598634  40.72317092
  78.98896218   5.94521075   7.86024558   8.37825824   6.20736922
   8.10111451  33.56562525  23.08526019   7.93012601   9.30311504
  37.71537509   6.9030188   36.9453814   33.09147687   4.42715154
  15.16684896  19.49475191  17.01611303  29.21844742  24.12576133
  30.29131076   5.04777463  13.28973586  27.5040134   17.63265787
   7.42528794   7.42178876  11.33430014  11.86975346  21.7667241
   8.01344483   9.54674625  17.73764654  19.36562909  13.15832113
  38.35240629  31.15009519  56.35624969   2.9917777   19.59404158
  17.74858551  21.90137448   4.32949907   7.11456528   6.37600647
  21.17822244  12.87791123   4.35914211  12.01782079   6.86100413
   4.86609651  13.15600149   8.19427709   8.5690813    4.61178773
  17.98290211   4.32038229   7.8412975   41.83156402  27.2895136
  11.91392363  12.37426189  11.87608974  17.86204866   6.73041109]mm

Average Loss Distances:
17.25751042652885mm

Max Loss Distances:
141.72760320575307mm

Min Loss Distances:
0.9817671785801031mm