Loss Distances:
[ 4.24620494  3.12164062  2.86777129  3.0387403   3.18799534  4.80055492
  8.5228125   9.97449719  5.31938293  4.34914372  4.94520079  6.7977624
  7.58860691  8.88577476  9.64967407 11.83173582 15.43568782 16.17977908
 13.37861574 12.22270258 11.35150856  9.62703143  8.59444595  8.51652124
  9.49771965  9.73597218  9.35977833  4.76119307  3.21901051  5.64029508
  4.06338451  3.71508256  2.47582414  1.86217342  2.00116591  2.7260865
  4.31345975  7.70137883 10.90270756 12.32958524  9.07556493  6.28313608
  3.78878526  1.77530007  2.69721306  6.11180127 10.88849819 14.94983803
 18.58876436 16.29701593 13.06662046 10.191642    8.58216945  7.79305555
  8.82201087 10.87398817 12.06251369 12.36811642 11.05777775 10.07538083
 12.15487953 10.56957142 10.66572235 11.37045548  9.50915723  8.27093023
  7.65619438  7.63389634  8.08955339  8.78283087 10.85432801 12.39468389
  8.72626034  5.592077    3.55573421  3.55731006  6.4312196   9.58955829
 14.54769684 18.97820067]mm

Average Loss Distances:
8.412725757674103mm

Max Loss Distances:
18.978200674953193mm

Min Loss Distances:
1.775300066201891mm