Loss Distances:
[  9.2692332    8.16073455  11.91423652   6.85972171  13.81581535
  18.01519852  23.28180116  18.24719638   7.52108705  78.08966756
   7.64944557  84.99885526  26.5380922   21.86225578   4.69218461
  13.33831876  30.31378667  14.70355329  15.94405953  10.17351614
  19.14163898  11.39161314   4.85342408  13.62681896 123.41343788
  14.74604362  11.90926072  22.22454584  27.31756925   8.57745984
  47.64225695   9.82117512  11.28039399  38.23952465  21.56934217
  68.30206448  13.22658335  14.6250588    3.35316883   4.81596659
   7.44451161  20.65247161  23.68719797  20.12685329   5.72394113
  10.75013392  14.12765607  26.31175753   9.93000299  37.41405548
  12.93017728   3.1012783    6.60390828  14.90088738  40.21790072
  29.13460968  10.81098223  40.32504606   5.41040743  25.12364168
  13.99020219  11.9765671    7.16827205   7.01600112  16.94634415
  24.37275264   7.17024536  30.16166378  18.64998282  14.67860646
   9.51799592  18.08708482   6.99099566   7.9386263   12.46642467
  16.72286823   7.9251524   17.11646768   8.46778474   9.18121285
  29.96971537   7.15234996  18.9676568   16.61683485   9.62262649
  24.24361469  18.14494074   2.56327612   3.3826497   45.77030317
   6.29978756  10.87984915  15.21220039  11.24330297  23.81865926
  36.81127369   1.60116748  19.90543031   6.71382339  10.83593862
  11.51578582   4.05320864   6.59242379   8.66111809  15.77425104
   7.80481019   8.57281487  41.36555859  23.31163129   5.62205736
   9.34128939  10.38865318   8.98661325   8.35793361   6.74028171
  11.91935947   7.66819362   3.93539217   7.88494883  35.67873714
   2.53649504  15.18844636   4.7920437    9.07644749  13.70591295
  12.21026846  24.82665853   3.54486447  10.97607072   0.9479117
   8.99613213  26.80067834  99.16479346  33.13438405   8.43832267
   3.66853136  29.84227996   3.71068684   7.6419628   18.11270025
   6.53996604  33.92222884  37.87771249   7.640267     8.66979073
  13.11115255   8.23600925  15.18016898  10.02627847  12.34338102
  44.35416147  47.52109546   9.81008672  16.0515848   21.79997576
  16.85710156  31.60959107  20.43508062  17.49610121  33.1260641
  18.86016067   7.32667429  26.05092003   4.98385598  12.94696237
   7.0570324   20.69261051   7.70841132  22.81503096  19.75162587
   8.50817329  18.340017    23.6222646   21.47302728  24.25415646
  13.12319752   7.14604441  10.52611105   9.98465033   4.88919913
  30.38849148  44.42228454  20.06707044  17.84176082   3.32713476
   9.28038424  44.57928662  13.73921315  15.92150385  15.19050167
  21.26621088  13.02428685  24.40062558  13.1592562    4.15269046
  20.07292436   8.13552742  21.31202575  13.50651625  19.33054877
  22.85559482  13.90250839  23.19426265  16.59203735  25.08989273
  21.1202579   41.55867095  18.46254911  35.77384893  25.1973016
  11.73756861  10.21302382  30.93276163  31.35532475  22.93144416
  32.05491024   6.24243366  42.79544081   6.1331181    5.10423798
  31.92521725   6.61414604  26.94250071  31.49361795  17.95219214
  13.64242938  13.13835978  13.08629896   7.04087785  26.92506701
  10.53120191  17.39536561  21.54626692  42.35320854  21.44295492
  29.11959052  17.09709825   8.00165814  26.62183855   9.9382554
   5.70766918  43.13988898  14.9790453   20.04798921  14.86950171
  27.13299358   6.61224471  13.26353228   9.33337339  28.96202592
  22.69493387   4.20927219  19.63177144  31.00855622   1.74073586
   3.05206543  10.13220909  29.35119595   9.28381194  19.80674739
   9.97930169  10.331686    33.37416929  18.8180025    9.48671433
   6.70793036  21.31943176  13.65043284  14.86874295   3.6300895
  19.43612021  15.88116969   2.74921608   6.00398238   3.93754556
  11.26430772   5.22625976  18.01610376  12.70839247   7.95038863
   8.47489334  11.71971599  26.26436577  11.87434592  30.5890391
  18.02994369   9.31878326  25.21876914   5.32744278  34.90431857
  16.15056835  26.23095675  24.33459409   4.00577227  24.43539424
   7.88982538  20.31245633  11.76865216  53.57210329  44.28993841
  15.7362462    5.44926449  10.88189205  20.85397959  11.474605
   6.23280853  28.20364807   7.16773619  24.81111855  25.53725155
  39.29841497   9.43595265   6.28632213  23.09186269  13.13951924
   3.79940037   6.5610611   13.4651483   11.27800483  35.64664963
  20.46827701  12.58904488   3.7890451   12.91517135  10.85663263
  34.75794707   9.49532657   5.73639175   9.21832809  10.98233613
   7.01185159   7.3310503    9.30940673   7.81274971  12.24371864
  13.03640607   6.09737632  10.0770692   12.36328855 179.82488393
   9.81782334  13.98640344  16.17440265  38.97007299   9.22178118
  15.79642315  68.36997764  26.46801618  23.20636005  22.53002491
  11.31174012  25.9178812   23.1702488    5.07969884   8.5355142
  14.52704173   7.43475634  10.46662284  10.606915    10.50607293
   2.43342071  15.0272573    8.57768606   6.01297428  21.05609009
  38.38024555  18.70160922  14.63025293  36.2128572    8.81123191
   4.82069666  22.60864935  36.03476296  27.43296446  11.28357788
   9.73338825   4.31510413  16.3539802   10.27560672  54.23564633
  16.72523285  14.61475662  31.54688263   9.74233398  12.86598011
  18.59631472  24.43319336  11.1967687    8.07871075  16.21641664
  15.9274589   51.51661586   6.77934649  34.78666428   7.13568136
   7.2589079   16.33717609  11.75291665  22.64453417  31.7462311
  19.98257237  10.63501056  10.34628825  17.28448205   8.49660111
  12.56842398   6.44038214   5.12925088   9.27435025   3.65713506
   8.58389105   5.52116077  10.37683439  16.39514276   3.66867292
  29.43876084   3.06492942  17.19889878  13.24925848  27.50428171
  22.64824534   5.09367935   7.74377393  22.72341152   7.92471123
  13.21349337   4.53905041  20.40281643   6.90399526  16.64916487
   7.60564072  22.56583141  15.3964481   32.38384819  13.06418017
  35.40895437   6.54425393  30.59954687  18.57595631  34.12278821
  13.54602902  12.65805335  10.61353705   3.87115648  25.01256445
   5.68910434  14.51643307  21.50581148  77.50936017  25.57672266
  32.87130623   4.88055676  21.31625509   9.5392276    7.65111577
  22.7869047    6.00041097  15.33122218   7.49069084  12.8344181
   2.03035754   8.23141016  10.96176548  15.63386044 147.39463066
  12.20298678  18.17281755  10.9816921   21.36724236   3.79152426
  35.11604989  21.10700317   6.47869167   3.77751329  12.70233406
  23.83914024  18.79911356  15.91490357   5.35319811   7.41476336
  11.06817251  11.18838172   6.94041049   6.86624136   5.99082441
  25.62868977   7.11514212   5.14939873   4.29424766  15.87596465
  17.23382231   6.85701708  12.00534747   2.67255205   4.0972573
  10.26551819  77.34980758  10.81556269  41.48185159  26.55673225
  10.5841492   27.18814054   4.33541596  20.28766475  19.42026087
  10.49678058   1.8314311    7.24016224  15.80182486  29.24610566
   5.72912361  22.41474318  10.26590329  28.36207915   2.90856498
  34.31939259  11.90973024   6.95142337   9.31990803  11.01544644
  29.39394796   5.9004813    9.99128286  11.74854489   5.95933001
  15.31976177  10.60471954  18.27767618   9.72012925  11.58566521
   8.14079253  10.51933247  10.30258387  18.26776849   7.45084848
  24.07608807  12.67777019   9.59767134  41.51813573   8.81080171
  13.44629499  21.5535036    9.65663622   9.21909018   5.28343957
  19.77048986  28.3281765   12.71627414   8.4986437   12.34579689
  35.29870018   6.56000489  10.40076809 175.03268652   7.63441536
  28.37450122  15.32298617  38.82027278   6.13430846   4.65878505
   4.49286195  30.23391033  11.28836277  29.86382783  19.59749729
   4.92841709  29.09068006   9.62062716  13.08753239  10.39724015
   7.28234517  11.75353717   5.89804022  23.9278297   16.98194717
  17.31537326   8.66398433  25.17187209  13.26978934  27.92837538
  26.22985636  25.74532923  14.48217333   9.33746447   9.96367905
   4.00238327  11.61482775  11.17435493   3.01632742  19.02751494
  16.97087182  11.08405711  10.30077515   7.11883466  17.57320467
  32.25435678  26.10655826  20.82463344  11.46648062  15.89466115
  11.62676413  17.42973126   6.2492916   44.0527729   17.0052835
   5.2659615    2.01580458  24.70179797  26.24704954   5.31348255
  29.03090075   6.77257925  20.85883118  20.13980069  41.37629445
   7.8969622   35.49581163  20.05833694  12.13761361  35.04232955
   9.66038565   9.32083253  12.73809466  52.69766206  13.92424516
  12.07613249   5.01198313  12.01230528  10.35789924   5.66038067
  10.61988689  11.90817573  10.28786995  26.74537151  11.21236612
   9.94151067   8.08308267   8.39631927  22.26525269  37.65154592
   6.64637294   8.42998443  12.3846059   18.39891006  35.75441814
  31.24493492   9.82992182  12.15453506  24.11149947   7.13373312
  16.13841753   4.35083214  40.08678084  47.67520743  31.12597822
   7.88436042  12.03859836   9.26010385  24.82542915  31.45579703
  18.96241009  28.07286484   4.19406909  28.54297017  19.8826355
  14.24164919  21.76113069   9.60374878   9.86269526   6.00042959
  21.30443329  25.06356698  39.56400943   9.17175691  22.51696519
  20.67932901   9.08046432   7.93039016  40.09654917   9.98427545
   3.4996019   21.87791208  10.75939339  25.57749618   9.18438213
   4.80203986   4.96871938  45.4137778   11.17470958  13.66701208
   8.55285071  54.93093179  10.36882325  26.98972342   4.80823416
  12.9124734   11.42807875  12.84309434   8.23539061  19.23235128
   9.06210717   8.92750224  16.56434233  22.45076294   4.88208304
   5.63761959  26.92972668  39.5492229   11.41909966  24.32222159
  12.8954888   23.49072294   6.24360805  13.44486258  24.03335683
  11.52982958   5.4134806   27.27809095  12.05737769  13.69162772
   8.0375516   39.27969174  12.15424229   8.12504062   4.26581001
  10.57078591   5.61253776  10.60905836  13.85010708   6.65240177
   6.56533174  39.0130694   17.24318362  19.40696678  10.89056845
  19.31721366  19.06905835   7.36906843   8.57718998   9.22209551
  12.07796044  10.57217387  25.29059899  39.60128077   8.51326795
  14.52499661  11.94761124  12.47843225   9.80321249   8.4726449
   8.48937562  12.64487395   8.07428414  31.76411922  10.37905522
   7.4120868   33.26274447  16.75206282  19.96692763  14.07120305
  10.57168622   5.41905764  22.92285699  37.23452974  40.39540885
   8.77380458  11.05102536  12.77596374  30.65317971  34.24861257
   4.73692652  14.16232802   6.74628456   3.08912894  19.71044447
  28.70288424  11.61015074   8.43292257  28.62349147   7.27254089
   8.36588468  12.17745347   4.03657754  16.43561172  24.60855684
   6.54218696  10.75629976  11.43506469  27.54325182   9.95069666
  21.70435556  15.64977762 229.44892931  22.50068874   9.92791971
  26.89782336   7.10293453   8.12518193  18.37392865  34.82381208
  39.72575836   9.99175278   7.80891791  50.0625644   11.90249874
  15.18714715 172.45943422  24.13282983  33.64991403  22.58216075
  11.61494319   3.55330624   3.63172793  27.60486386   6.3135436
  43.30208797   4.93433646   5.99517523   6.32878788   7.17093728
  10.94722411   8.46628898   8.98866806   5.99098732   5.76837378
  27.88338522  13.28034229  23.06492411  20.1795812   42.16054544
  12.31218709   5.53146855   9.24641953  10.91169648  41.38778764
   6.1407924    5.34699804  19.00460574  18.01350611  10.51714817
  12.67453027  14.28033823  56.31461621   9.81438293  11.22095537
  20.93364559  11.74278951  29.1890118    4.41959997  15.11007162
  25.17132355   8.6761382   18.31144733  23.52831229  25.64631127
  11.90713106   7.15740245   9.75924414   6.9199511    5.87497804
   2.0969696   13.67755241   9.6987907   14.29850089  33.04715183
   5.86378542   9.71416519   9.86084915   7.51789611   9.64775348
   6.91124331   3.6889446    3.27349979  11.2306305    8.19018386
  35.02240502   9.50865578   4.45035679   9.65289746  41.33552313
   2.90541346   7.17391398  18.00933953  10.17602937  16.20545996
   9.20561392  20.63805779  30.38735332   9.36961151  27.38137287
  41.97072451   1.50589053   3.18944703   9.95291274   9.44554129
   5.2022747   33.15157434   5.3185213   26.00620186  21.3103767
  24.83438826  20.36889989  29.06064435  18.76176263  10.305966
  22.10471215  42.48413527  25.33423096   7.47322682   8.50722993
  33.22115214  14.08166209  29.72313954 115.47367842  30.49836988
   9.81715112  14.14653467  31.57889152  31.74696577   8.67416541
  11.10766996  18.33729966   7.93791148  52.07462744   6.95316582
   6.67285405   2.04084974   6.39254937   5.01543062  31.07976878
  22.98795379   8.19801916  12.56411407   7.11963637   5.60466094
  20.02657936  10.30833609   5.01170171  11.22551829   2.83145436
  28.34234763  20.0607922   10.31649435   8.50423558  11.88404632
  23.75958172   6.48169057  18.49746688   7.99162407   5.73592104
   6.89066367  15.20637408   9.47298378  14.66815841  20.10237473
  15.2806528   19.508378    23.85373985  14.09993079  20.2697924
   7.38704447   6.57028794  17.23527767  10.61410764  23.62334026
  11.11359317  22.85834337  18.96946108  43.24256332  14.59576112
   8.09781931  48.71669728  25.54696059  18.51528443  16.10813883
  20.10051283  35.3511083    8.31178202  39.06637798  22.23690683
  17.9446979   30.0772949   17.34684159   3.97996922  37.50268009
   5.71645922  10.40983329  21.63169246  24.44375659  14.09990189
   4.67659994  22.613128    24.3776959   16.83319222  36.80629987
  26.46580524  33.59343446  16.92825191  16.02751861   8.37369322]mm

Average Loss Distances:
17.62934474687625mm

Max Loss Distances:
229.44892930661464mm

Min Loss Distances:
0.9479117027572713mm