Loss Orientation:
[25.99709707 25.98797909 25.10973485 23.31402136 20.83161002 18.01070206
 14.64391499 11.21566502  7.71230854  3.12226081  2.02929349  6.36542686
 10.4181252  13.98663938 16.33801134 17.77996212 17.87502376 16.59890698
 14.33538481 11.16627991  7.08954805  2.36341753  3.19517701  8.40542238
 13.36833014 17.30645427 20.79626143 24.30027149 27.33418014 29.6607306
 31.19834649 31.98776924 32.44539942 32.28188088 31.2264459  29.33079797
 26.85999225 23.90121033 20.54476473 17.06278571 13.32262822  9.64066062
  6.04680777  2.77129573  0.98006705  2.86242302  4.20079721  4.71104992
  4.18583022  2.51130826  1.09135283  3.53619437  7.37884788 11.74015581
 16.43997056 21.09962006 25.27487014 28.75052864 32.04223349 35.01400013
 37.32069131 39.04606085 40.12645536 40.62687517 41.11341592 40.92040809
 40.07061513 38.61269106 36.77871913 34.72692186 32.24726689 28.95944383
 25.33725022 21.74322233 18.20227168 14.8990905  12.05790267 10.01399752
  8.98236959  9.08941617]

Average Loss Orientations:
19.22466576012651

Max Loss Distances:
41.11341592336246

Min Loss Distances:
0.9800670473750482