Loss Orientation:
[30.17272952 28.26251878 26.34848656 24.42016016 22.51736703 21.00755735
 19.92458575 18.98922969 18.0541289  17.11930904 16.3340363  15.6921377
 15.05089545 14.41045428 13.77092385 13.29107501 12.86670973 12.24122405
 11.65789063 11.5354192  11.412904   11.29040426 11.16792634 11.1622689
 11.51381152 12.30260678 13.23937947 14.17633614 15.11342722 16.05064207
 17.06091583 18.43707945 19.85270525 21.33508296 22.81805996 24.30157523
 25.79840675 27.27186958 29.16299155 31.05428651 32.79524866 34.4866107
 36.18775878 37.94188089 39.69638243 41.45126376 43.36360902 45.53147016
 47.76721869 50.00311932]

Average Loss Orientations:
22.748281622512145

Max Loss Distances:
50.0031193163865

Min Loss Distances:
11.16226890361164