Loss Orientation:
[19.55577118  7.02802925  5.61199697 33.26712717 11.79856074 41.74299173
  9.39877633  3.62959734  6.20693916 24.01476426  9.86158847  6.34940891
 23.28305269 13.77454752  7.99357172 26.98337633  8.18214296  6.37870515
 20.06748072  7.76920059 14.76012084  7.71180313  9.56613148 21.5537977
  9.13397403  7.11107623 20.55292765  8.37931438 13.96428839 14.72924419
 16.36802925  8.64450324 39.30573974 10.31315226 22.75358752  9.84714793
 23.20364533  7.45222029 23.53824133 13.91335215  6.84892678 10.95172896
  9.05154288 10.38450924 17.47844673  2.4353762  27.77818466 18.2177465
  2.97284945 10.00665588  9.68754826 10.64831158  5.82167165 12.74449188
  7.82223147 15.6283264  10.14898505  8.75412998  5.33920592 21.49163501
  9.58235584 22.32762493 11.13815443 36.36647083 17.39939155 10.22053604
 24.22830722 12.50980698  8.18800204 10.91583694 21.84554625 12.21313864
 20.3147862  11.74919309  4.91894359 28.02556625 10.54894425 21.92702276
 24.18917405 27.41236672 16.49437854 12.32252096  9.92940944  3.91578667
 12.42222032 13.48883408  8.28450691 11.21560534 18.23653777 17.35871462
 14.14210178 12.53520836  9.31374983 14.07174717  5.99098323 12.37054259
 10.33840384 29.83961361  5.92789258 14.10064245  6.99501295  2.77073808
  8.19739758 22.82653198  9.88744241 23.89016507 10.50326452  2.76053834
 15.91125049  4.7682939  20.67888476  4.44320836 17.81642694  7.20020313
 48.94641682 22.51810064 20.23200602  9.93218908  7.16687906 10.00964769
 12.32644095  3.66079512 21.74873337 18.68829863  7.41104527 28.66215112
 23.65548808 11.12586734 16.81624376  8.35410995 18.99774409  3.06079232
 11.81064583  9.65267491 11.72349792 17.03406262 21.98429434  3.550529
  5.96382599  8.42410434 22.39763541 10.32933368  5.23423526 22.98563001
 16.68548542 10.59988412 32.5511436   7.07757142  3.66881025 17.5410657
 12.60290014  6.11706412  4.15739977 35.99938174 15.6998729  20.04555175
 14.43652936 22.06317204 14.90179599  9.01952016 42.65267435  4.13973188
 15.240823    0.75779084 34.02255748  7.99341848 20.18518355 21.5825858
 14.0302052  24.64235968  5.23298852 32.0940408  10.63039456  9.76960235
  4.95793869 23.97130692  8.34122342  7.31602825 13.04159575 14.91587805
 13.30133759 28.26367725  6.67987526 12.40044301 32.95695721 29.8063998
  8.21795456 16.13335749 25.8157379  19.46716208 10.75822968 11.00791354
  4.72534981 14.57767554  6.25464243 10.89811271 14.88893782  9.4164768
 16.35555868 14.48838865  6.22911848 10.63878436 29.96676411  1.73694505
 10.49452949  6.21683331 13.66968414 17.64379184 27.24261005  9.55109714
 20.90332078 13.5913609  15.24472965  3.4802109  27.91675437  8.47752485
 14.60086651  1.39618986 17.90874013 22.35788177 12.84594935 11.06182973
 25.00131091  6.32005023  1.73913909 15.37185669 11.856394   24.07002258
  1.91620014 12.06790182 19.20101078 18.57238745 10.7222705   7.47241552
 21.25204337  6.39409406 19.51908282 24.81090575 11.61131094  4.94120176
  6.0790933  16.82182318  3.10688379 13.236602   25.1980218  15.05581358
 25.76785076 10.26023839 11.99613029 26.66344763 34.91377912 18.45904046
 13.86988329 16.97427602 15.25149904 36.77837989 15.05609456 19.52473953
  6.14752571 25.39774266  6.72181234 25.46236795 25.1518442  10.97409954
  9.03400728 18.53801855 38.95089484 10.03233968 16.57458596 12.45118351
 13.82431675  7.26402091  4.95541374  1.93153504 10.50877099 21.34199733
 12.42012403  5.28466304  4.5449566  30.63556779 11.50353852 24.09031047
 27.64186863 19.25613833  3.07692733  6.1648198   5.82023647  3.00376331
  8.78431473 23.23537344 24.51260672 19.56336725  5.38039899 28.36164116
 41.03842343 15.49635541  0.84314326  7.70819553  6.09369753  5.49046281
 36.48548966  6.91615586 10.67947336  9.78865703 17.57827379  8.03778222
 21.04131286 21.96335918 10.18913769 15.60627029  8.30105995  6.65779871
  8.9957108  14.2233714   8.06978624 10.63261167  7.45104071  4.14281226
 13.94061303 16.63063665  1.09523267 26.72552298  9.01842885  8.89725897
 24.31100977 20.64177528  3.01925981 46.25078906 10.52122879 23.92989864
 19.56046375 10.07825148 32.91058572 11.67512492 14.74037705  5.7751772
 17.33551933  5.39198009  3.2391258   7.29095525 12.15286518 20.45688015
  9.57115977 18.01799684 24.02678768  7.43352203  8.40727102 24.14208931
 18.38658367 15.70771072 16.63504782  6.99335496 10.01465431 18.32819921
  8.14909129  3.64030535 22.83910787  3.66626813  8.81049758 17.63305428
 17.0402755   3.44066089  8.57566259  9.87298982 15.08948701  9.7661716
  4.93846905 12.16002484  2.81344746 14.7023547   2.0079784  18.2365702
  6.57026048  7.36724067 24.4482302  10.95387592 16.6505142  11.22416638
 17.78920121  5.49414579 14.81342957 13.30480781 20.79840064  5.89114143
 15.04325729 11.5791432  30.57246784 10.51531377 21.63091191 19.35491262
 10.15804104 22.13783968 16.30897931 14.23818574 25.11902059  5.58763658
  7.85090418  9.00385924 38.62548005  5.07531477  0.44058626 15.8227734
 18.02854557  7.53769701 18.676866   14.35488313 10.1977494  20.52128063
 11.22407108 10.43029328  6.4076428  28.73813057 19.42176292  6.67762321
  3.47425181 10.32423083 13.537149   26.79668145 14.41294982 11.45025174
 28.21099229 13.60553474  3.35170382  7.61980679 30.93581065  4.96535969
  3.56696371 20.98960678 20.02044728 27.57570079 16.39564493  2.68076002
  9.17690254  4.95713665 10.73085101 18.95422434  6.60693144  6.25431932
 15.43595089  5.26457585 15.1152212  13.5465162   9.68123484 17.71377875
  9.76896353  1.90975964 19.58986028 31.20714651  9.45942481 15.0526009
 18.54284116  9.73236184 12.69402972 32.90694518 38.40496526 19.21219105
 10.78897346 12.30536921 16.23827637  5.17552389  9.91033563 12.17337524
  9.75730538  9.30637402 10.26856126 11.41649479 17.0624659   9.76981237
 17.32884574 20.82887997 24.11926978 12.96085917 12.31718607  7.48462784
 10.52787431 28.35803477 28.18168012  4.3023804   4.87500171 31.58308796
 10.79842369  7.78310621 20.58194782 22.03999685 14.01955901 10.76641728
 22.85750687 14.54037384 31.65020712  7.58414804 25.91662906 11.02936278
 18.93030391 13.46720755 18.05807458  6.40911672 14.1455578   2.48046326
  6.73337136 22.1863221  45.30715256  8.70006159 18.37738773 38.20087015
 19.62229078 10.60933131 10.01414692  9.73981819 17.03139526  8.26159679
  7.63788328  9.64376912  7.63676801 15.25192166 10.33827469 20.10004609
  8.0276897  13.75829357 19.39117412 19.95939245 11.28863374 15.84420669
 29.9529645   3.89824508  8.59315975  8.16528587 15.0022475   7.31251474
 29.29614577  6.46312364  5.80356595 11.14140964  5.16179911 13.86372279
 18.13410158 20.34830262 13.20039644 10.70694638 16.57682698 15.09347428
 15.58770325 20.24749751 13.40986309 16.05637712 21.87807967 12.82023507
 17.76681528 13.4537236  23.46270566 25.49655402 33.78810967  9.79866244
 13.56364369  4.95604862 17.77997682  9.6210245  22.38502692 21.15037818
 27.69993562 25.86058491 11.35499255  4.12948526 11.4695377   4.10533827
 14.74583232  8.56623142 20.8808023   7.67646861 27.20594904 11.7473631
 12.08036832  4.43829186  2.90771342 20.67538592  9.7669909  18.07972193
  6.15998719 27.81988077  7.59520298 17.18258072 38.85675351  4.38783722
  6.49761393  4.70558204  5.75526441  7.07354095  7.18174303 30.05065905
  6.02493837  7.74839222 20.95489429 13.35191964 28.70021809 19.74721913
 10.03408698 23.90497711  7.79754471  7.22547416  4.51163165 10.05976305
 15.23322387 11.19519289 10.51460364  8.51437581  1.18380456  6.9579896
 15.84817511  9.31834853  1.45919513 23.38104341 17.33932563 23.64870892
 10.60345263 17.13373442 36.47351068  5.4923447  27.76088683 18.56561008
 10.84533679  5.49012183 27.21480426 12.65639641 17.56855035  3.08504269
 10.13892995  4.78154552 24.54411889  9.65564937 12.80773212 14.94652694
 14.22238737  6.22757052  8.25320446 11.20309373 23.36576009 16.92987166
  6.08912772 12.32823931 14.75158441 17.98353362 10.26461278  5.30358091
 28.18884424 11.3708337   7.3102332   7.39618188 24.74323678 15.02734224
 14.94479723 26.34942382  7.51308272 14.76457706  8.65004652 35.20871327
 13.65271651 11.06641905  8.73288674 30.28898285 25.69265527 18.11812881
  4.42280085 15.24205945 28.50132557 25.34567972 24.53135879 21.46415454
  9.76870868 19.21869083  0.91612036 38.73838437 11.62305299 22.54729987
 17.7263443  20.3127461   2.48080378  8.58066356 22.40188314 27.76633752
  6.61183098 13.42372313  5.4813068  23.50638748 16.31860792 21.98255431
 12.10183958  8.81855671  3.48467878  8.13705611 35.61243867 17.35427331
  8.776613    6.07588103 22.60167273 18.36982904 11.49248832 19.93284601
 18.70592419 24.27474992 10.81133154 10.31269863  5.32038245 15.88076986
  9.43301603 12.72628495 30.49265357 36.00958193  1.76234896 26.21109295
 30.21126298  6.96787908 22.923915    5.24218529 20.99970674  4.87227789
 19.82269847  8.29637561 10.4390776   4.19903932 11.88018651 13.88246666
 18.53877167 14.83259756 12.55586961 30.55981754 18.45580103 14.01620075
 11.08992425  8.39237805 16.75397156  4.89100469 12.74582788 11.50254268
  5.96089647 13.79788964  3.06835183  3.65882944  3.60026791  8.16950259
  8.61677027 12.92896362 15.10202432 11.73620701  5.8872623  17.52485826
 24.64887782 15.70818001  4.52356705 14.29957125  5.03117387 37.53649596
  6.80676087  7.70924485  6.29794766  2.58510487  4.73879484 21.53456753
  3.05346466 18.46010775  1.37105687 15.57775248 19.2660479  16.76064682
  5.89193297 14.20831339  6.49062711 14.91596198 29.51868687 20.38765587
 19.80342803  4.40355878  7.16582248  5.55097118 14.43552185 11.04571059
  8.97893634 22.10950237  7.91827963  3.74750729  8.32625232 12.85292123
 15.95740169 11.23646387 19.4497246  16.04959183 12.11957261 15.65877542
 18.13440698 17.36438721  5.13038797 16.20430544  7.2894253   8.73823364
 21.89180914  4.32752962 17.4001932   7.86217809 11.87981628  6.63898827
 11.45467619  7.63378605 13.84913119 15.65721387  6.73251787 10.41239429
  4.67434648  8.51802942 25.63932474 31.64966454  2.80932975  7.6220051
  3.45775739  8.08642744 18.01917831 13.32085025  4.52629295  3.72444625
  4.57715649 23.63289236  5.37138227  8.60946887 11.96386353 28.11064901
  9.51224338  6.32062158  6.77601397 31.75101264 17.93570508 13.27628644
 16.50843139 18.3861849   0.98245563 19.73351172 23.80366267  6.22217298
  9.64604609  6.67817537 27.6293171  11.80377001 10.26323482 15.31550601
  6.33729975  7.26486234 34.8778459  14.98312485  6.36047527 23.84384239
  4.36619883 28.68223714  6.82312802 13.938233    6.37488696  9.43782911
 12.8934169  25.59646157 30.0586288   6.2484846   9.00345842 10.63543997
  7.02003316  9.37597073 16.39609268 13.16893258 18.70436149 14.28454061
 22.74862463 15.83337265 27.40448863 10.8108385   8.54587676 11.92962374
 36.34523507  6.29857219 11.97868759 21.19432426 21.33500012 28.84090225
 21.91825652 10.70805089 15.61331761  8.14612038 18.34594347 14.96049806
 15.93348283 29.00120983  1.96847892 13.91075012 23.05724046 21.0663533
  3.55038392 26.80282257 18.33154531 18.25554484 21.75992182 18.42380496
 20.33670772 15.45390793  8.15352889 19.51402763 13.06817242  6.31431037
 18.14101457 14.39116966  5.09159739  8.43599485 23.31415523 17.41625602
  6.62843783  6.30674857 15.46401889  7.8722858  22.30011616  3.8253339
 29.16395467  5.55154885 18.37848267 14.44131903 19.46100744 12.27609832
  4.8249027   8.25967144 32.42645709 22.78772077  9.42926649 30.55605934
 10.21941715 10.01050238  6.84735075  8.88117044 24.84883709  9.29218672
 44.61968107  8.26251953 13.29078544  6.50612023  1.82227175 29.96859795
  9.85617578 17.41478124  8.38135692 12.97986699  4.96064658  4.20655838
  7.63121631 25.70789672 24.49801893  5.24173733 20.26490613 33.1988656
  8.92181998 20.33189332 12.48877859  5.72385451 22.97117058 22.54690274
  8.4659026  14.09358844 29.177276    5.25890714 21.2408237   3.04393892
 13.54552555 30.59294569 17.19905395  4.19812358 49.26304174  8.93392174
 19.34321402 13.87524512 11.7698516   1.28259021  6.85300907 43.01750139
  8.19111504 12.22488186 46.15234027 23.10201771 19.72131691 17.87224818
 10.21068695 11.14164389 15.66734217  9.78648648 17.79865376 16.57509086
  6.25257324 14.75784255 21.00688017 26.63741402 21.71265778 23.4411509
 10.38418433 11.41594945 11.93498448 10.1298825   3.48276976 11.8254776
 20.94567056 18.62698188  5.71327301 13.71300202]

Average Loss Orientations:
14.429239562302007

Max Loss Distances:
49.26304174153799

Min Loss Distances:
0.4405862552966077