Loss Orientation:
[30.17272952 30.07901574 29.98531873 29.89161478 29.7979032  29.70422357
 29.61051948 29.51682548 29.42314761 29.32946127 29.23573861 29.14203402
 29.0483469  28.9546587  28.86095528 28.76727565 28.67359496 28.57991801
 28.48618849 28.39249907 28.29885154 28.2051411  28.11146694 28.01778353
 27.9241195  27.83043319 27.7367464  27.64309212 27.54942268 27.45575088
 27.36209476 27.26846152 27.17476874 27.08113411 26.98747524 26.89382203
 26.80015328 26.70584674 26.61120871 26.51654551 26.42189905 26.32724423
 26.23261564 26.13797336 26.04336615 25.94872856 25.85412    25.75948107
 25.66490278 25.57029795 25.47569532 25.38109965 25.28651884 25.19194989
 25.09736976 25.00282121 24.90825703 24.8137213  24.71918746 24.62466364
 24.53010621 24.43558678 24.34107967 24.24657813 24.15208921 24.05757029
 23.9631169  23.86863381 23.77415691 23.67972874 23.5853077  23.49084584
 23.3964267  23.30201767 23.20759446 23.11320731 23.01882134 22.92446661
 22.83204566 22.74342082 22.65477366 22.56617363 22.47755876 22.38896628
 22.30930378 22.23382384 22.15837334 22.08294065 22.00750052 21.93205329
 21.85660328 21.7811708  21.70573504 21.63027421 21.55483798 21.47940597
 21.40396984 21.32851862 21.25308756 21.18506764 21.12464435 21.06425661
 21.00385581 20.94344489 20.88309305 20.822685   20.76227493 20.70188793
 20.64152123 20.58114027 20.52072683 20.46035507 20.39997246 20.35252566
 20.30663274 20.26074909 20.21490133 20.16899044 20.12310637 20.07723801
 20.03132507 19.98545078 19.93954708 19.89366881 19.84780792 19.80191821
 19.75604857 19.71014325 19.66427263 19.61839483 19.57250888 19.52662167
 19.48076278 19.43487207 19.38900141 19.34311852 19.29724426 19.25139042
 19.20551021 19.15963745 19.11375284 19.06786678 19.02201229 18.97614259
 18.93027062 18.88438208 18.83853229 18.792665   18.74677611 18.70091384
 18.65505112 18.60916833 18.56330973 18.5174539  18.47159008 18.42568293
 18.37983866 18.33396336 18.28811784 18.24224438 18.19636723 18.15051992
 18.10468202 18.05881911 18.01293098 17.96710922 17.92120872 17.87536653
 17.82952072 17.78365095 17.73779795 17.6919577  17.64609474 17.60021814
 17.55438426 17.50854744 17.462683   17.41682286 17.37097583 17.32514184
 17.27929861 17.23343317 17.18760799 17.14174664 17.09590221 17.05007067
 17.00422869 16.95833157 16.91255096 16.86671932 16.82084889 16.77501575
 16.72917309 16.68333768 16.64524957 16.6137338  16.58219608 16.55071172
 16.51917608 16.48769487 16.45619078 16.42468013 16.39318827 16.36168945
 16.33015733 16.29866645 16.26717838 16.23568658 16.20418911 16.17272375
 16.14119123 16.10972086 16.07822811 16.04675749 16.0152702  15.98380628
 15.95227641 15.92079101 15.88932625 15.85786617 15.82636347 15.79487629
 15.76344565 15.73195787 15.70049178 15.66899981 15.63755906 15.60607384
 15.57460309 15.54317055 15.51169475 15.48024273 15.44877186 15.41731884
 15.38588875 15.35443554 15.32294951 15.29153218 15.2600534  15.2286463
 15.19718972 15.16574627 15.13431612 15.10285834 15.07142395 15.03997815
 15.00856463 14.97713796 14.94569992 14.91428082 14.88285556 14.8514155
 14.82000215 14.78859792 14.75718472 14.72577199 14.69435775 14.66293855
 14.63153025 14.60012224 14.56871545 14.53731806 14.5059458  14.47452423
 14.44312946 14.41173277 14.38034419 14.34895963 14.31756043 14.28618597
 14.2547722  14.22343999 14.19202426 14.16067446 14.1292952  14.09792009
 14.06655334 14.03521242 14.00382911 13.97247767 13.9411059  13.90973594
 13.87840999 13.84705087 13.81570695 13.78436382 13.75299915 13.72167474
 13.69033763 13.65899947 13.6276428  13.60466239 13.58310809 13.5615444
 13.53997417 13.51841872 13.49686141 13.47530389 13.45375008 13.43220016
 13.41064627 13.39005569 13.36950867 13.34894028 13.3284103  13.30785601
 13.28729335 13.26676295 13.2462117  13.22569776 13.20513141 13.18459545
 13.16406666 13.14354455 13.1229714  13.10244168 13.08191562 13.06139212
 13.04064109 13.01943729 12.9982405  12.97704426 12.95581857 12.93462373
 12.91339948 12.89222525 12.87103231 12.84983346 12.82293731 12.79164522
 12.76035061 12.72902773 12.69775929 12.66646139 12.63518246 12.60387078
 12.57259412 12.541322   12.51003049 12.47875897 12.44743064 12.41616362
 12.38487507 12.35358293 12.32230371 12.29101091 12.25975047 12.22844944
 12.19715806 12.16590047 12.13458559 12.10330708 12.07206218 12.04078583
 12.00946878 11.97820971 11.94692476 11.91562885 11.88437536 11.85310528
 11.82184403 11.79054453 11.75926331 11.7280029  11.69671713 11.66980912
 11.66380235 11.65779563 11.65178589 11.64576439 11.63973228 11.63374716
 11.62774789 11.62171536 11.61573586 11.60970851 11.60371768 11.5977132
 11.59168086 11.58568427 11.57968858 11.57368159 11.56763959 11.56164886
 11.55560855 11.54962008 11.54361744 11.53760764 11.53161586 11.52557226
 11.51959497 11.5135559  11.50753988 11.50152119 11.49553491 11.48950988
 11.48353702 11.47753522 11.47148808 11.46548838 11.45949063 11.4534559
 11.44745431 11.44146296 11.43543928 11.42943428 11.4234256  11.41741423
 11.41140739 11.4054099  11.3993808  11.39336206 11.38738031 11.38137681
 11.37534236 11.36934784 11.36333344 11.35734356 11.35133007 11.34532424
 11.33929402 11.33329877 11.32727752 11.32130045 11.31526179 11.30927899
 11.30325653 11.29725832 11.29128468 11.28522377 11.27923211 11.27324159
 11.26721555 11.26120549 11.25521568 11.24920184 11.24320275 11.2371806
 11.23119632 11.22516433 11.21917387 11.2131489  11.20714095 11.20111953
 11.19512433 11.18912588 11.18308624 11.17712671 11.17110222 11.16510244
 11.15907921 11.153073   11.14707201 11.14106117 11.13504819 11.12905778
 11.12306287 11.11705896 11.11105211 11.10503966 11.09902352 11.09300273
 11.08700763 11.0809907  11.09021924 11.10490424 11.11951145 11.13417022
 11.14882161 11.16345527 11.17812391 11.19276023 11.20741593 11.22203612
 11.23670969 11.25132109 11.26600788 11.28062333 11.29528513 11.30990955
 11.32458567 11.33923876 11.35386117 11.36853341 11.38315138 11.39779564
 11.41817716 11.4471065  11.47604375 11.50496546 11.5338945  11.56279938
 11.59171708 11.62062917 11.64958903 11.67850355 11.70741499 11.73638332
 11.77617367 11.81916736 11.86218606 11.90519536 11.94912475 11.99505551
 12.04100949 12.08692965 12.13288183 12.17882544 12.22478522 12.2707177
 12.31664721 12.36258967 12.40854537 12.45448482 12.50044868 12.54637776
 12.59233212 12.6382727  12.68421816 12.73016957 12.77611492 12.82209968
 12.86800154 12.91397976 12.95991128 13.00587208 13.0518074  13.09777018
 13.14370882 13.18967743 13.23563458 13.28158242 13.32754833 13.37348046
 13.41944544 13.46540184 13.51133632 13.55731881 13.60326529 13.64921615
 13.69515244 13.74113145 13.78708406 13.83306716 13.87900926 13.92495254
 13.97092227 14.01686821 14.06284839 14.10877346 14.1547622  14.20069929
 14.24668536 14.29263684 14.33858808 14.38459649 14.43051755 14.47648244
 14.52245534 14.56841736 14.61436243 14.66033937 14.70629399 14.75226077
 14.79824167 14.84418737 14.89015439 14.9361199  14.98207575 15.0280546
 15.07403852 15.11998678 15.16594116 15.21191584 15.25787741 15.30386093
 15.34982587 15.39581348 15.44174463 15.48773818 15.53369038 15.5796585
 15.62563609 15.67161175 15.71756646 15.76356243 15.80950357 15.85547371
 15.90146964 15.94743406 15.9933862  16.0393803  16.08534758 16.13129516
 16.17729909 16.22324785 16.26921485 16.31517598 16.36117486 16.40713727
 16.45311913 16.49910515 16.54506576 16.59103903 16.63702922 16.68300025
 16.7289615  16.78723754 16.84629714 16.90537688 16.96446718 17.02354539
 17.08262659 17.14344356 17.21145238 17.27944159 17.34747107 17.41549117
 17.4834793  17.55149023 17.61950837 17.68752568 17.75553144 17.82356671
 17.89155939 17.95955295 18.0275968  18.09560418 18.16360955 18.23163608
 18.29966225 18.36765604 18.43568902 18.50373196 18.57172309 18.63973215
 18.70775827 18.7757814  18.84381541 18.91182977 18.97984378 19.04786373
 19.11589245 19.18391695 19.25193955 19.31995484 19.38800222 19.45958047
 19.53226154 19.60496389 19.67766989 19.75033744 19.82303462 19.8957231
 19.96842513 20.04111393 20.11382549 20.18651996 20.25920888 20.33192092
 20.40461593 20.47732476 20.55006197 20.62273218 20.69545698 20.76818279
 20.84088494 20.91359678 20.98633356 21.05903907 21.13174892 21.20447537
 21.27721019 21.34992442 21.42266557 21.49537339 21.56810481 21.64084252
 21.71355561 21.78629888 21.859039   21.93177695 22.0045243  22.07726283
 22.15000328 22.22272528 22.29548108 22.36822222 22.44097779 22.51369677
 22.58644386 22.65919439 22.73194051 22.80469808 22.87745102 22.95022658
 23.02297891 23.09570588 23.16849578 23.24125294 23.31397805 23.38678794
 23.45950678 23.53231186 23.60507117 23.67785304 23.75059237 23.82334115
 23.89613001 23.96889176 24.04165167 24.11444311 24.18719213 24.25994263
 24.33276452 24.40555046 24.4783089  24.55107272 24.62782938 24.70549848
 24.7831306  24.86076482 24.93838348 25.01603663 25.09367222 25.16520877
 25.23588043 25.30658009 25.37721045 25.44791644 25.51856924 25.58924439
 25.65993257 25.73061175 25.80130202 25.87193527 25.94263866 26.0133311
 26.08399969 26.15468047 26.22539467 26.29605585 26.36674359 26.43743525
 26.50812665 26.57881142 26.64948459 26.72017429 26.78996369 26.86236019
 26.93799951 27.01367241 27.08930214 27.16493787 27.24060844 27.332431
 27.42519277 27.51795719 27.61070816 27.7034528  27.79621938 27.88897634
 27.9817312  28.07449531 28.16722528 28.25999597 28.35275393 28.44552132
 28.53828407 28.6310473  28.72381105 28.81654682 28.90933617 29.00206234
 29.09482996 29.18757882 29.28038242 29.3731261  29.46589757 29.55864458
 29.65142033 29.74419314 29.83694738 29.92970809 30.02249262 30.11525129
 30.2079986  30.30080774 30.39354478 30.48632876 30.57906375 30.67184695
 30.76462701 30.85738364 30.95012632 31.0429223  31.13568917 31.22849114
 31.32124034 31.41401298 31.5067621  31.59149294 31.67444968 31.75743659
 31.84038105 31.92333735 32.00627844 32.08922428 32.17218919 32.25517463
 32.33811435 32.42106    32.50402554 32.58700473 32.66996882 32.752909
 32.83586723 32.9188305  33.00181893 33.08473785 33.16770442 33.25066678
 33.33364739 33.41659069 33.49955706 33.58250664 33.66546734 33.74842703
 33.83140157 33.9143701  33.99732246 34.08027638 34.16325229 34.24620013
 34.32917545 34.41214196 34.49510526 34.57805502 34.66102332 34.74398751
 34.82694879 34.90990074 34.99288427 35.07584731 35.15881105 35.2417755
 35.32472691 35.40770498 35.49068317 35.57363273 35.65657699 35.73956975
 35.82252795 35.90551051 35.99112285 36.07715085 36.16317984 36.24918743
 36.33521595 36.42126179 36.50729096 36.59331504 36.67935523 36.76537211
 36.85142019 36.93745802 37.02348631 37.10953418 37.19557213 37.28161117
 37.36762713 37.45369091 37.53973457 37.62578521 37.71182448 37.79786332
 37.88391195 37.96995894 38.05602446 38.14206206 38.22810652 38.31416695
 38.40020408 38.4862387  38.57232567 38.65839192 38.74443591 38.83049495
 38.916561   39.0026127  39.08868101 39.17474954 39.26080645 39.34687185
 39.43293302 39.51898758 39.60506639 39.69112311 39.77719468 39.86326327
 39.94934094 40.03539771 40.12147656 40.20754368 40.2936325  40.37969615
 40.46575483 40.55183586 40.63791681 40.72399881 40.81007324 40.89615041
 40.98221808 41.0682837  41.15437875 41.24046384 41.32654799 41.41260557
 41.4987187  41.58480713 41.67089831 41.75695629 41.84304186 41.92914791
 42.01522554 42.10131571 42.19942846 42.29777064 42.39613723 42.49447697
 42.59283846 42.69120688 42.78952804 42.8879052  42.98625151 43.08460932
 43.1829653  43.28130141 43.37966264 43.47803805 43.57640963 43.67473769
 43.7730995  43.87144466 43.97172166 44.08138263 44.19102115 44.30068992
 44.41034128 44.51997439 44.62963472 44.73925074 44.84892678 44.95858649
 45.06825951 45.17790745 45.28753101 45.39719395 45.50684615 45.61651524
 45.72617625 45.83582882 45.94549348 46.05514274 46.16481642 46.27447449
 46.38413597 46.49379001 46.60345669 46.71310829 46.82277463 46.93243514
 47.04210323 47.1517664  47.26142152 47.37108542 47.48076244 47.59040005
 47.70006906 47.80973161 47.91941258 48.02907362 48.13872125 48.24839612
 48.35808832 48.46775137 48.57742824 48.68707699 48.79675857 48.9064307
 49.01608697 49.12578387 49.23544342 49.34510273 49.45477612 49.56446142
 49.67413113 49.78379229 49.89346405 50.00312272]

Average Loss Orientations:
22.405225662138644

Max Loss Distances:
50.00312271884654

Min Loss Distances:
11.080990698194976