Loss Orientation:
[ 6.36150139 17.07106172 10.5224346   9.661119   10.87701129  8.64555093
  2.67355266  6.17501299  4.47680855 10.49192187 17.95272495 18.26934731
 25.80058477  9.65708476 16.59060545 12.55646649 15.14533334 11.816645
 12.12016718 17.2595178   7.80893969 10.82095567  5.61565631  7.07908926
 24.76809268 21.06232756 18.96483262  3.86373242  7.52741157 16.43895489
 23.47732075 18.7944115  20.54368426 12.49283279  6.82977696 10.5610812
 10.72458288 13.20976228 15.76833817 17.19196226  9.70749073  2.47290527
 17.37751233  9.35801044 14.53415887 16.37830179  6.67856254  6.4405996
 11.32882634 11.93331596  7.03325954 10.11719203 10.31863428  5.30686559
  8.09684511  8.21338283 17.56777378  7.98213898  7.38582707 28.86372336
 24.40643341 12.63518958  6.65912667 26.65712225  9.71920329  4.18950678
 14.15458676 26.7275927  13.65188646 17.72445018 13.06698094  8.06619011
 32.57421716 21.89937805 20.04067967 17.07649241 23.19081047 10.91527992
 33.65808274 29.32367919 13.12511147 36.20172225  8.10880893 18.25223512
 11.84115648 11.93492286 10.68919345  0.56317338 10.35654748  8.07263412
 12.78151159 17.33863031 36.21280313 16.30342535  9.03951047 12.8020025
 19.79316966 10.07009661  8.70224944 18.03252331 20.32289541 11.18186559
 26.80634814 29.75257627 16.27152862 20.24509828  5.83316438  3.59209869
  9.45431228 27.0029934  10.19660857 16.64014253 14.97872641 14.26352555
  4.85217891 10.55006512 22.85390211  5.43008162  6.83951135 27.75357281
 13.43360449 19.94993704 18.66438109  6.19831661 20.4719209  20.53328737
  5.14409748  7.68099191 24.16641832 26.40162249 30.58921877 12.05686496
 25.22380343  4.98648578 14.56336433  8.06520145  4.33827644 14.73026249
 33.21808076 20.48962303 17.98277983 14.29895906  7.58919671 11.14226494
 19.14818912 11.53034111 31.79247611  5.51136126 14.37549988  7.46380276
  9.94650534  8.66408081 10.2655928  20.09907781  5.95451057  8.68293462
  7.36714311  3.89115943  8.39960016  4.07206871 17.42211751 14.32674337
  4.60271441  4.65914931 14.57706893 21.40901404  3.14656552  8.92144109
 13.93980454 13.9641957   7.78041472  8.29034951 10.89377036  6.81483123
  5.58640363  7.82705697 12.25391399 20.09406536 23.55355315 13.43989202
 13.60764098  6.74861949  6.7067164   7.74340318 13.2784211   2.84544193
  2.59718249  8.03105506 16.72986536 16.64266419 14.32147993 22.86232568
 11.60991493 14.80615572 21.31978096  8.82529721  9.63419216 15.72454682
 14.95112237 19.89225375  2.75140552 23.37700623  5.85524166 22.54505573
 12.42120192 10.8948475   1.0514152  14.6437279  12.50536348 14.27385317
 28.97476589  1.13621964 13.76153074  5.0907529   8.00683893 33.52630203
  5.04357639 33.59834723 16.9430145   5.31810259  7.38765155 28.54103349
  8.14918142  8.75953034  9.2909031   6.43099432 10.08819519  8.47260729
 28.93564045  5.65091871 20.98655587  6.24262293 15.69222693 12.77136158
 23.70802604  6.6026556   1.90366413  7.76386609  8.98919616  4.00135403
 28.98145065  3.02160626 33.24710572 11.37920929  3.78265679 14.11428688
 15.76653212  4.07464678 18.86253761 11.33383361  6.41023047 30.66764554
 11.28304456 16.2296714  12.89696811 17.09693505  5.26793465  2.92230365
 15.71157471 13.07312928 10.39480092 26.16661935  1.78470187  7.1377388
 36.55579307 14.96723947 11.14990345 10.484217    8.32509299 11.89530206
 13.00027586 13.94690359 16.4133466  15.11322043 12.55234122 18.27683176
 23.67102947 17.64959867 11.16848976 22.73025829 19.86798425 11.11650404
  3.34359042 29.70619189 35.27710985 22.28112147 23.15803897  9.10607143
 25.14517507 22.01461092  2.69672101  3.192864    8.82530444  9.86024598
 11.07870218  9.52379254  7.07675388 38.7297666  18.7790838   7.1421185
 23.04509344 18.51351748 17.01376118  5.44128456  3.96523592  6.72208733
  9.08756901 30.76750811  2.2785332   6.13712602  6.4443685  14.28834055
 12.10344858  9.08258209 18.25866228 16.17099127 18.50581462 20.31609323
 41.54479443 10.17694827  4.86047264 19.59234268  2.0381407  15.44375688
 19.31866421 13.81774838 11.10724324  1.89669809  6.38003226 10.30710606
 11.31257687  2.52898266 11.73418517  2.95314841  5.87669798 21.28218573
  7.60036207 27.074765   26.7672463  40.16656614  9.00774236 18.58181539
 22.15069539  6.33392341 14.67499276 16.33167885  5.23219699 14.82205429
  7.7827806  13.63276287  9.46047434 12.01114122  7.88793278 25.46038378
 24.54894901  6.88669174 18.75074654  6.7425166   8.55223625 17.24468428
  8.0615449  10.98773196 23.57685816 21.54480548  7.30858559  8.48429697
 16.8420461  12.51502044  3.12058848 14.18578486 25.80423     5.16617763
 14.15316932 41.64265627 12.15813355 13.76374109 12.89865003 10.88074677
 19.52781441 27.80150673  9.28299094 10.09407023 19.45843586 12.73089371
  6.75837197  9.72429213 22.29110655  0.86222919 17.63749505  8.69194125
 19.7604537  18.92187218 14.3165069   6.11806149 14.59615485 32.13295749
 15.01585326 11.1138876   4.70433399  9.61481958 10.65255325  2.58755827
  7.02551746  9.12540088 18.92851082 10.56740255  7.18879394 16.59573468
  1.08482011 22.04808964 22.07755152 37.29371298 15.34909922  1.21890417
 24.63495108  4.78564254 11.64585782  7.51505801 19.36415441  4.62573396
  2.45794755 10.14574134 13.10534039  8.4636818  14.97752618  7.19556742
 22.47651756 41.22448413 24.36254793  1.70322659 12.36050706 11.02439276
 15.4181408   5.58522377 12.76164326 14.31051675 20.81235714  6.95144041
  4.39696369  6.64811247 29.77845961  4.75161475  4.61475025 20.78242864
 16.83011885  1.8633215  12.93107531  8.92764227  5.49089851  3.6778703
 22.3777959  22.43711539  8.41424379 30.90247965 14.02232182  9.56722686
  5.11681446  1.93438582 13.04450212 14.82942059 19.09589539  7.76498305
 21.54742208 11.97551146 39.65663742 18.04317469 26.48161331  7.85870292
  2.83167449 20.20657294  9.72219256  2.94804281 23.32004318 10.61692779
  9.41112451  4.25198874  9.8868776   6.79164767 20.59209637 18.37978912
 15.14732697 18.85810843  8.0018904  27.58453091 14.03280753  6.32160646
 31.13464717 27.22996948 27.68467376  3.11121897 12.42479048 21.15121664
  7.32108554  9.30776275 11.15800364 23.0970863  12.88375848 21.76384413
  7.59222108  2.40609619 28.04700857  9.25910543 22.8834287  25.43250556
  8.50968596 29.5176472  12.35876006 14.60393732  6.7786375   5.50278844
 13.7819277   8.32662256  3.4671677   9.79649184 16.45791633 40.49531107
 16.57979233 10.51316933  9.21191461 23.99473347 33.02656969 23.67767682
 11.62893612 41.46380424  4.61167423 14.50634312  8.50219519  1.85854849
  4.54138568 22.78343242 10.76286623 33.45096967 13.16704144 16.62827863
  5.65738265  3.54551434 10.94455273 19.77599024 15.95779647 24.06001815
 30.5176402   4.29128231 13.73875717  8.00712634  0.63895916  3.90417197
 50.38180299 19.39189712  5.41627604  9.91414466  2.19926913 19.07606058
  5.40757289 45.38192098 23.71527512  9.0893907  13.16197498  6.15855964
 31.94979422 14.48078847  7.93569238  9.68180257 23.84177518 10.71283135
  5.57431621 23.18805744  6.94044279 25.14113694  8.59026051  7.80441318
 10.89980077 19.19671339  4.32178937  7.0309288   2.07168834  8.39861772
  2.98104554  9.37324041 23.15934773  1.01966049 10.81061611  4.65844213
  8.59984443 18.11554316  7.31526788 19.31155946 12.80260695 15.08585648
 14.65794574 35.07789681 10.16819975  8.38254719 21.85797502 18.48007845
 22.77169028  6.2347238  56.36725318  7.84992734  6.69022994  4.30530721
 21.77985812  7.07456135 16.63592341 13.50719088 26.88308892 23.93371006
  9.47578896  4.91391901 11.40939148 18.01746562 23.7705553   7.82497982
  7.73258614 20.29934539 14.24751268  4.41917019  2.33227443  4.8320848
 20.4332793  18.65081253  7.34006131 19.35281632 11.72054962  9.6947512
  9.46012696 17.86289284 19.19112354  7.81302339 17.19440945  7.78648823
 27.55524385 22.62857962 12.5840894   4.90860701 27.74055886 33.52628458
  3.44698449 19.16164901  7.22385528 18.57721566  4.47584866  3.32106584
 11.58973643 11.21233696  6.70431192 24.72174583 13.41008478 15.91338939
 11.1211521  19.5308307   7.79522441 20.28016464  6.87948572 14.36658732
  8.84401735 33.43103744 23.29839303  7.71947831  4.13152859  5.98360065
  5.52295853  6.15232924 16.66449811  6.97693275  5.01188726 10.60180271
  6.99734696 12.99926049 31.26675289  8.56763526 27.43496231  4.39129327
  2.32615123 14.59079188 13.41774649  6.12474595 17.42402122  9.42679777
 13.44422534 12.88226695  8.4030346   9.56481981 15.55988303  3.34320111
 26.16398431 13.57084984 30.82722649  6.67016561  9.84071712 13.21387691
 14.90366759 26.20834629 36.2084254   7.33405041 13.98018872 26.72779895
 12.33697217  8.86119002 26.95435749 20.14454037 14.97426539 26.91993969
 33.97081733  6.52822919 15.01155514 26.78868632 10.692974   23.24700897
 22.15084034  4.95366272 17.9568212   3.3504328   5.17067953  8.80824596
 21.66885679 25.42002483  6.24057668  6.21754104 21.68456789 12.06777313
 16.18839848  7.01136414 12.80818437 24.50412927 19.35108459 14.82072613
 11.04773211 25.05082088 15.2296418  15.29332839 28.00516735  7.79803221
 11.68876435 36.45303561 18.81165644  6.83649374  7.21775522 10.17261537
 28.26821819 21.8000902  37.64539331  8.96480277 14.48909666 27.45109097
 27.92297221 15.52746373 12.64762435 14.20593691  7.73666049 17.24705436
  5.96871174 17.54171653 24.34974795 13.91834707 13.68469368 15.92446712
  3.5057727  16.50978567 13.31465892 12.14564445 13.11625785 29.25456902
  9.49626557  5.22986176  3.09512635  4.76736602 13.858912   19.16102756
  4.12929711  7.030965    7.47576639 10.69090472 12.8427227  17.53054321
 11.00697734  9.44188586 19.93799535 11.71836     4.68703862 11.76640511
  5.08838474 16.68930786  3.96057645 12.9696172   7.39093922 18.11028636
  3.59133898  5.19657247  6.71876986 17.25680851  4.86601732 19.23457401
 46.27139065 15.81096621  2.75527078  5.6906586   9.22934359  3.01749255
 18.67861248  5.90940172  5.23647921 22.99614202 14.90536457  6.4031537
 23.59663826  8.40461412 31.96958798 10.4697711   8.31843369 19.08323554
  8.3760907   8.26897808 21.27688691 16.71840946  3.23961708  4.52942936
 10.4587439  27.07800496 17.21647521 15.7025146  29.3689114  42.01478457
 15.19663448 18.41697552 13.44723482  8.8032174  13.30889022  6.29153185
 27.77197106 14.37856652 21.71763469 10.67317766 22.76786917 12.85950328
 13.96934452 21.98018501 10.07660336  9.51127775  6.23626906  6.77099835
 26.82782392 13.96298447 19.4283562  15.01723596 13.48895558 16.3462308
  2.74714512  6.18514201 14.73082009 16.17475162 12.3194231  14.49137332
  3.02419168  0.3271686   5.65944997  5.78949874 17.49118984 35.96535863
 15.60639508  5.97620242 17.5210856   4.11821374 13.70441675  6.99446645
  2.19984194  8.84539703 25.35330463 25.71981752 18.13504587 14.77012133
 22.8568393  18.56661956 34.57289823 26.69923837  6.23726125 19.42340047
 18.37544728 24.19952352  8.63849663 16.60856265  9.05183447  8.41118689
 11.33538467  9.74698521 20.6544301  10.56237766 11.44576416 10.99515261
 15.23594988  7.67383122 12.37042842 22.60043909 37.87793758 18.28738421
 14.71971558 13.3406209   2.98595552  8.87492702  6.37062262 10.01746899
 33.46572852 12.94049204 13.29852657 15.75184457 12.92747747 15.56555168
  8.08636546  8.73959803 17.19309791 13.51360087 10.03880839 15.2784083
 17.61465103 36.02753602 15.60531293  7.00679401  3.41706508 11.55258855
  6.24947625 10.27858317 25.07858637  7.62452849 14.23300773  4.19046852
  9.58318183  9.23387723 19.52869668 19.28228951 12.89195636  3.38752237
  9.80640401 15.19498445 13.39218011 26.19902387 11.78737499  7.38704696
 18.30490786  6.50651607 14.91740989 23.33755504 14.78327849  6.68516477
  7.56489486 18.17756172 22.74518948 12.57988335 10.20795166 12.00528625
  7.10791508 30.66193746  8.94203703 14.74402334 15.62192914 17.63890176
  7.83562779 20.49323905 18.68869004 14.33729957 10.86002523 11.24130904
  9.16143462 13.88093308  5.02452443 15.04136104 32.89287888  9.05634042
 17.40250628 36.16364017  5.7345148  26.61084342  6.17206822 10.30911249
 14.64063375  9.35137238  6.66732933  8.93357821  9.10311591 11.31151099
  8.64055262 17.49516429  8.08216508  5.44792792  8.93546695 20.6978243
 14.22608633 23.49670564 14.55987368 10.26979123  6.9325919   5.38112625
  2.66816355 11.72204803 19.66290252  5.9559809   3.93770362 12.78314807
  8.86711679  9.43971804 37.62632926  4.93676775]

Average Loss Orientations:
14.01658289282402

Max Loss Distances:
56.36725317895291

Min Loss Distances:
0.3271685952872082