Loss Orientation:
[25.99709707 25.99249214 25.98695201 25.98045458 25.97296637 25.96452961
 25.97263867 25.9799813  25.98632153 25.99172442 25.99613839 25.99960748
 26.00209313 26.00361402 26.00415164 26.00373437 26.00238829 26.00001671
 25.99670171 25.99241704 25.98717111 25.98096521 25.97376534 25.96562669
 25.95651788 25.94644035 25.93536849 25.92337844 25.91037377 25.89645129
 25.88153788 25.86568814 25.8488688  25.83107555 25.81232707 25.7926169
 25.77193733 25.75030184 25.72771379 25.70419675 25.67967935 25.65422924
 25.62784752 25.60047297 25.57218912 25.54290033 25.51270876 25.48154899
 25.44945281 25.41641467 25.38241079 25.3474739  25.31160418 25.27478954
 25.23706211 25.19834208 25.15872065 25.11816777 25.07664106 25.03424284
 24.99091557 24.94665451 24.90142777 24.85530527 24.80825243 24.76030754
 24.71141032 24.66160621 24.61089264 24.55926186 24.50672779 24.45329407
 24.39894181 24.34367789 24.28751983 24.23047337 24.17252043 24.11369444
 24.0539511  23.99333928 23.93181404 23.86942492 23.8061437  23.74200835
 23.67697158 23.61104081 23.54426246 23.47663152 23.40809507 23.33872828
 23.26847569 23.19741449 23.12543308 23.05264817 22.9789792  22.90447028
 22.82913995 22.75293755 22.67593661 22.598073   22.51938255 22.43988805
 22.35952898 22.27835805 22.1963943  22.11360718 22.03002588 21.94555692
 21.86038111 21.77433716 21.68750525 21.59987751 21.51148367 21.42229842
 21.34404444 21.26619117 21.18744524 21.10787501 21.02751607 20.94697918
 20.87117108 20.79458644 20.71727616 20.63923498 20.56041279 20.48086941
 20.40059527 20.31957408 20.23781792 20.15535639 20.07215983 19.98825011
 19.90361322 19.81826111 19.73222355 19.64543064 19.55800431 19.46980812
 19.3809692  19.29139428 19.2011732  19.11024906 19.01864164 18.92636497
 18.8334019  18.73977541 18.64549578 18.55052381 18.45491551 18.35865093
 18.26171746 18.16417489 18.06597909 17.96710442 17.86764407 17.76750674
 17.66678121 17.56541075 17.46343025 17.36083805 17.25763449 17.15383966
 17.04942569 16.94443109 16.83878831 16.73264407 16.62586492 16.51851145
 16.41057445 16.30209367 16.19303189 16.08340597 15.97321405 15.86247369
 15.75119634 15.63935626 15.52699117 15.41409528 15.30068151 15.18671729
 15.07224819 14.95723699 14.84174973 14.72574042 14.60925427 14.49223605
 14.37475657 14.2574661  14.14534522 14.03270287 13.91956501 13.80588102
 13.69167716 13.57696162 13.46179788 13.34611012 13.22993274 13.11328343
 12.99611518 12.87851073 12.76040493 12.64186273 12.52286522 12.40338645
 12.28347798 12.16310174 12.04230562 11.92108757 11.79944212 11.6773532
 11.55484738 11.43194221 11.30863016 11.18490352 11.06084168 10.94107526
 10.8224746  10.70348295 10.58407683 10.46426995 10.34407765 10.22349835
 10.10247887  9.9811464   9.85942678  9.73734754  9.61488308  9.49207076
  9.36893665  9.24543915  9.12159292  8.99743418  8.87296553  8.748142
  8.62303535  8.49761985  8.37189668  8.24588287  8.11960089  7.99302652
  7.86616719  7.73909184  7.61174255  7.48412241  7.3562838   7.22824146
  7.09995825  6.97138784  6.84271359  6.71381893  6.58470932  6.45545888
  6.32602079  6.19646196  6.06671602  5.93685646  5.80688254  5.67393598
  5.51252466  5.35102916  5.18952387  5.02802055  4.86654309  4.70515188
  4.54391342  4.38283154  4.22196545  4.0671764   3.91313203  3.75946509
  3.60623045  3.45353755  3.30147358  3.15015495  2.99977074  2.8504327
  2.70237884  2.55591596  2.41123815  2.26883361  2.12916444  1.99281942
  1.86061423  1.73347373  1.61263239  1.49968218  1.39657335  1.30561732
  1.22960345  1.17226792  1.13450084  1.11692875  1.12051864  1.14507807
  1.18933381  1.25118132  1.328204    1.41791041  1.51805596  1.62669637
  1.74225333  1.86342296  1.98917714  2.11868931  2.25131569  2.38649874
  2.5238063   2.66292912  2.80358762  2.94548588  3.0885158   3.23244707
  3.37717193  3.52261931  3.66860236  3.81509603  3.96202117  4.1093288
  4.25690921  4.40478592  4.55282861  4.70104902  4.84944073  4.99795328
  5.14650012  5.29511092  5.44377547  5.59243145  5.74105443  5.8896995
  6.03824497  6.18675531  6.33515347  6.48347646  6.63170229  6.77977286
  6.92772457  7.0755758   7.22320127  7.3706865   7.51501987  7.65605509
  7.79688459  7.9375006   8.07791857  8.21810341  8.35806606  8.497798
  8.63725206  8.77648745  8.91542727  9.05413729  9.19255249  9.33067648
  9.46853041  9.6060592   9.74329631  9.88024254 10.01687914 10.15315765
 10.28913413 10.42477293 10.56004267 10.69498937 10.82957899 10.96380925
 11.09768952 11.23117895 11.36425895 11.49700328 11.62933985 11.76128879
 11.89282769 12.02395744 12.15468357 12.2849954  12.41486282 12.54430846
 12.67332326 12.80190204 12.93003805 13.05768545 13.18492728 13.31167455
 13.43798395 13.56379948 13.68910794 13.81397878 13.93834134 14.06223016
 14.18558741 14.30845839 14.43083241 14.55267261 14.67398147 14.79478426
 14.91505874 15.03477129 15.15400802 15.27264639 15.38841784 15.50237229
 15.61573584 15.72856556 15.84080505 15.95247023 16.06356391 16.17407883
 16.28398462 16.39147139 16.49335061 16.59456299 16.69512411 16.79499521
 16.89420426 16.99279718 17.09064388 17.18782217 17.28436155 17.3801892
 17.4742744  17.55675136 17.63849092 17.71949249 17.79970977 17.8792025
 17.95789044 18.03582935 18.11299703 18.18938637 18.26503366 18.33984945
 18.41393595 18.48721371 18.55972899 18.63140735 18.70233706 18.77242997
 18.84177352 18.91026202 18.97797249 19.04488778 19.11101399 19.17629432
 19.24076701 19.30442817 19.36724804 19.42927705 19.49043908 19.55082401
 19.61038023 19.66904887 19.72691244 19.78395541 19.84015594 19.89549529
 19.9499985  20.00369139 20.05650248 20.1084592  20.15957352 20.20984192
 20.25922354 20.30778837 20.35547683 20.40230661 20.44826621 20.49338084
 20.53761638 20.58099176 20.62346937 20.66509391 20.70585715 20.74570623
 20.78474467 20.82283294 20.86007916 20.89646525 20.93192269 20.96652441
 21.00023806 21.03305761 21.0649857  21.09604523 21.12617434 21.15545145
 21.18380295 21.21130259 21.23786246 21.2635529  21.28834125 21.31223794
 21.3352306  21.35731919 21.37851477 21.39881591 21.41818095 21.43666189
 21.45423978 21.45980376 21.46081189 21.46093427 21.46016966 21.45850203
 21.45598098 21.4525414  21.44818023 21.4429639  21.43683912 21.42982498
 21.42192886 21.41312575 21.40346795 21.39290702 21.38145488 21.36421694
 21.33382839 21.30252818 21.27035376 21.23730271 21.20337952 21.16856465
 21.13289434 21.09635978 21.05892394 21.02064032 20.9814772  20.94144329
 20.90052043 20.85877742 20.81012423 20.75829239 20.70560185 20.65199816
 20.59754435 20.54216438 20.4859486  20.42879475 20.37083019 20.31198668
 20.25227824 20.19165071 20.13020486 20.0679022  20.00471237 19.94066728
 19.87578464 19.81005809 19.74345405 19.67604466 19.60775436 19.53865425
 19.46870941 19.39789976 19.32628994 19.25383581 19.1805623  19.10646212
 19.03153903 18.95578185 18.87923494 18.801893   18.72372336 18.64473597
 18.56495449 18.48437369 18.40299416 18.320854   18.23788744 18.15414745
 18.06961524 17.98432819 17.89825138 17.81139256 17.72377886 17.6353894
 17.54627965 17.45638301 17.36574934 17.27431929 17.18219703 17.08929378
 16.99567777 16.90130222 16.80619584 16.71036558 16.61381991 16.51658013
 16.41856905 16.31987321 16.2204475  16.12032358 16.01955402 15.91804671
 15.81583268 15.7129171  15.60936651 15.50511738 15.40016366 15.29460914
 15.188333   15.0813947  14.973821   14.86556202 14.75668285 14.64717093
 14.53695544 14.42617401 14.31471965 14.20267928 14.0899619  13.97665421
 13.86275119 13.73512559 13.60457694 13.47355622 13.34202206 13.21003405
 13.0775765  12.94467361 12.81131091 12.6775093  12.54324175 12.40857613
 12.2734476  12.13792328 12.00197735 11.86556152 11.72880908 11.59164861
 11.45406262 11.31609437 11.17772878 11.03905123 10.89994705 10.760511
 10.62069554 10.48053213 10.34003983 10.1991724  10.05801158  9.91648835
  9.77467624  9.63254726  9.49010305  9.3473794   9.20433005  9.06102092
  8.91742886  8.77358241  8.62946923  8.48507858  8.34045126  8.19561211
  8.0505263   7.90519982  7.75969164  7.61394921  7.46802615  7.32190697
  7.17562768  7.02913741  6.88249983  6.7357485   6.58885432  6.44182726
  6.29467469  6.14743031  6.00010536  5.85270169  5.7005693   5.54706588
  5.39358066  5.24008849  5.08661704  4.93322949  4.77990353  4.62670025
  4.47363611  4.32073981  4.16810311  4.0157307   3.86367146  3.71199499
  3.56077055  3.41008208  3.26003093  3.11070704  2.96225736  2.81480832
  2.66859854  2.52382535  2.38078836  2.23980588  2.10131135  1.96591258
  1.83419913  1.70713374  1.58579537  1.47160717  1.3663932   1.27236635
  1.19220031  1.12883067  1.08520508  1.06374672  1.06577725  1.09115021
  1.13829415  1.20461356  1.2871533   1.3829654   1.48946675  1.60452938
  1.72638503  1.85367924  1.98962225  2.1321575   2.27791928  2.42627728
  2.57676966  2.72901513  2.88268001  3.03756592  3.19341623  3.3501142
  3.50747146  3.66541009  3.82379813  3.98257649  4.1416754   4.30102848
  4.46055544  4.62024734  4.78002591  4.93986151  5.09972436  5.25960422
  5.41944653  5.57925088  5.74010936  5.89652258  6.03086842  6.16509996
  6.29921872  6.43319223  6.56694849  6.70062822  6.83405391  6.96730822
  7.10037139  7.23322825  7.36584313  7.49825759  7.63039869  7.76231087
  7.89398973  8.02539773  8.15653019  8.28738588  8.41796915  8.54826872
  8.67823673  8.80792805  8.93728301  9.06636724  9.19509878  9.32348542
  9.45153364  9.57925007  9.7066186   9.83361778  9.96025406 10.08654149
 10.21243648 10.33797113 10.46310258 10.58785914 10.71216734 10.83615537
 10.95967076 11.08277662 11.20547303 11.32774022 11.44958851 11.57098587
 11.69195565 11.81247967 11.932543   12.05213023 12.17127194 12.28995095
 12.40815523 12.5258964  12.64309987 12.75985637 12.87609542 12.99184425
 13.10710516 13.22187323 13.33611045 13.44983102 13.56301248 13.67569835
 13.78755061 13.89888188 14.00965206 14.11991815 14.22963791 14.33880136
 14.44740803 14.55547837 14.66297711 14.7698822  14.87624389 14.98200108
 15.08721857 15.19184846 15.29586428 15.3993084  15.5021296  15.60436063
 15.70598453 15.80702466 15.90743623 16.00721642 16.1063659  16.20492209
 16.30284618 16.40012256 16.49673598 16.59273146 16.68808041 16.78281189
 16.87682961 16.9702387  17.06295199 17.16536237 17.27144423 17.3769531
 17.48193297 17.58630585 17.69013589 17.79335405 17.89599558 17.99804815
 18.09948183 18.20032283 18.30056585 18.40023426 18.49924951 18.59764787
 18.69544289 18.79262099 18.88915895 18.98509748 19.0803509  19.17501327
 19.26900566 19.36236531 19.45507225 19.54711161 19.63849774 19.72921343
 19.81928141 19.90867391 19.99739081 20.08545325 20.17281979 20.25949859
 20.34551961 20.43081008 20.51544172 20.59936723 20.68258631 20.76507461
 20.84693126 20.92800418 21.00840046 21.08808093 21.16703973 21.24526632
 21.32276809 21.39954695 21.47560194 21.55091517 21.62546852 21.69930738
 21.77238685 21.84473051 21.91633739 21.98751015 22.06417559 22.13999316
 22.21502052 22.28917978 22.3622833  22.43450998 22.50596449 22.57648716
 22.64625091 22.71510208 22.78313246 22.85029609 22.91661149 22.98205225
 23.04663376 23.11033731 23.17321383 23.23724813 23.30148225 23.36481609
 23.42728583 23.48888048 23.54960454 23.60941883 23.66833775 23.72636584
 23.78349582 23.83973777 23.89509969 23.94952111 24.00306516 24.05569024
 24.10740232 24.15824987 24.20813812 24.25712658 24.30520529 24.35235748
 24.39860655 24.44391027 24.48828223 24.53176538 24.57431654 24.6159408
 24.65660828 24.69636764 24.73519792 24.77305094 24.81002601 24.84603462
 24.88110849 24.91523102 24.9484236  24.98069688 25.0119819  25.04234049
 25.0717313  25.10021519 25.12774109 25.15426965 25.17990335 25.20457267
 25.22824257 25.25102988 25.27858695 25.31543084 25.35130635 25.38624519
 25.42025402 25.45329784 25.48538298 25.51653945 25.54672827 25.57597949
 25.60426018 25.6315905  25.65798988 25.68340299 25.7078541  25.73138036
 25.75391673 25.77550475 25.79610762 25.81577645 25.83444318 25.85217317
 25.86890903 25.88474122 25.89955881 25.91341663 25.92629595 25.93820715
 25.9491936  25.95915976 25.9681921  25.9762336  25.98332881 25.98943991
 25.99457757 25.99872916 26.00191579 26.00414146 26.00540362 26.00567068
 26.00498047 26.00332875 26.00069263 25.99707528]

Average Loss Orientations:
15.534520486456122

Max Loss Distances:
26.005670683143872

Min Loss Distances:
1.0637467186405107